249.07	0
252.5023	0.095
255.7854	0.1925
259.0685	0.2875
262.5008	0.385
265.7839	0.4825
269.2162	0.5775
272.3501	0.6775
275.7824	0.7725
279.2148	0.87
282.4978	0.965
285.7809	1.0625
289.2133	1.16
292.4963	1.25
295.7794	1.35
299.2118	1.445
302.6441	1.54
305.9272	1.6375
309.2103	1.7325
312.6426	1.8325
315.9257	1.925
319.2088	2.0225
322.4919	2.1125
325.775	2.21
329.058	2.3075
332.4904	2.4025
335.9227	2.5025
339.355	2.5975
342.7874	2.6975
346.2197	2.7975
349.652	2.8925
353.0843	2.995
356.5166	3.0925
359.9489	3.19
363.3813	3.285
366.8136	3.38
370.2459	3.4775
373.6783	3.5725
377.1106	3.67
380.5429	3.765
383.826	3.8575
387.2583	3.955
390.6906	4.05
394.123	4.1475
397.4061	4.245
400.9876	4.34
403.0768	4.34
403.0768	4.34
403.0768	4.3425
402.9276	4.3575
403.5245	4.375
404.1215	4.39
404.7184	4.4075
405.3153	4.4225
405.9122	4.44
406.5092	4.4575
407.1061	4.475
407.703	4.4875
408.3	4.505
408.8969	4.5225
409.4938	4.5375
410.0907	4.555
410.6877	4.57
411.2846	4.585
411.7323	4.6025
412.3292	4.6175
412.9261	4.635
413.523	4.6525
414.12	4.6675
414.7169	4.6825
415.3138	4.6975
415.9108	4.715
416.5077	4.7325
416.9554	4.7475
417.5523	4.765
418.1492	4.7775
418.7462	4.7975
419.3431	4.8125
419.94	4.83
420.5369	4.845
421.1339	4.86
421.7308	4.8775
422.1785	4.8925
422.7754	4.9075
423.3723	4.925
423.9692	4.9425
424.5662	4.9575
425.1631	4.9725
425.76	4.99
426.2077	5.0075
426.8047	5.0225
427.4016	5.04
427.9985	5.0525
428.5954	5.07
429.1924	5.0875
429.7893	5.1025
430.3862	5.12
430.9831	5.1375
431.58	5.15
432.177	5.1675
432.7739	5.185
433.3708	5.2025
433.9678	5.2175
434.5647	5.23
435.1616	5.2475
435.7585	5.265
436.3555	5.2825
436.8032	5.2975
437.5493	5.315
437.997	5.33
438.5939	5.345
439.1909	5.3625
439.7878	5.3775
440.3847	5.395
440.9816	5.4125
441.5786	5.425
442.1755	5.4425
442.7724	5.4575
443.3694	5.475
443.9663	5.4925
444.5632	5.51
445.1601	5.525
445.757	5.54
446.354	5.555
446.9509	5.5725
447.5478	5.59
448.1447	5.605
448.7417	5.62
449.3386	5.635
449.9355	5.655
450.5324	5.67
450.9801	5.6875
451.5771	5.7
452.174	5.7175
452.7709	5.735
453.3679	5.7525
453.9648	5.7675
454.5617	5.785
455.1586	5.7975
455.7556	5.8175
456.3525	5.8325
456.9494	5.85
457.5463	5.865
458.1432	5.8825
458.7402	5.8975
459.3371	5.9125
459.934	5.93
460.5309	5.945
461.1279	5.9625
461.7248	5.9775
462.3217	5.9925
462.9187	6.01
463.5156	6.0275
464.1125	6.0425
464.7094	6.06
465.3064	6.075
465.9033	6.0925
466.5002	6.1075
467.0971	6.125
467.6941	6.1425
468.291	6.1575
468.8879	6.1725
469.4848	6.1875
470.0818	6.205
470.6787	6.2225
471.2756	6.24
471.8726	6.255
472.4695	6.27
473.0664	6.2875
473.6633	6.305
474.2603	6.32
474.8572	6.3375
475.4541	6.35
476.2003	6.3675
476.6479	6.385
477.2449	6.4025
477.991	6.42
478.4387	6.435
479.1849	6.45
479.6326	6.4675
480.3788	6.4825
480.9757	6.5
481.5726	6.515
482.1695	6.53
482.7664	6.5475
483.3634	6.5625
483.9603	6.5825
484.5572	6.5975
485.1541	6.615
485.7511	6.63
486.348	6.645
486.9449	6.6625
487.5418	6.6775
488.288	6.695
488.8849	6.71
489.4819	6.7275
490.0788	6.7425
490.6757	6.76
491.2726	6.7775
491.8696	6.795
492.6157	6.8075
493.2126	6.825
493.8096	6.84
494.4065	6.8575
495.0034	6.875
495.6003	6.8875
496.1973	6.905
496.7942	6.9225
497.3911	6.94
497.9881	6.9575
498.585	6.9725
499.1819	6.9875
499.7788	7.0025
500.3758	7.02
500.9727	7.0375
501.7188	7.0525
502.3158	7.0675
502.9127	7.085
503.5096	7.1
504.1065	7.12
504.7035	7.135
505.3004	7.1525
505.8973	7.165
506.4943	7.1825
507.0912	7.2
507.8373	7.215
508.4343	7.2325
509.0312	7.25
509.6281	7.2625
510.225	7.2825
510.822	7.2975
511.4189	7.315
512.0158	7.33
512.762	7.345
513.3589	7.3625
513.9558	7.38
514.5527	7.395
515.1497	7.4125
515.8958	7.4275
516.4927	7.445
517.0897	7.46
517.6866	7.4775
518.2835	7.4925
518.8804	7.51
519.4774	7.525
520.2236	7.54
520.8205	7.5575
521.4174	7.575
522.0143	7.5875
522.6113	7.6075
523.3574	7.6225
523.9543	7.64
524.5513	7.655
525.2974	7.67
525.8943	7.6875
526.4913	7.7025
527.0882	7.72
527.6851	7.7375
528.282	7.7525
528.879	7.77
529.6251	7.785
530.222	7.8
530.819	7.8175
531.4159	7.8325
532.0128	7.8525
532.759	7.865
533.3559	7.8825
533.9528	7.8975
534.5497	7.915
535.2959	7.935
535.8928	7.9475
536.4897	7.9625
537.0867	7.98
537.6836	7.995
538.2806	8.015
539.0267	8.03
539.6237	8.045
540.2206	8.06
540.9667	8.0775
541.5637	8.0975
542.1606	8.1125
542.9067	8.1275
543.5037	8.1425
544.1006	8.1575
544.6975	8.1775
545.4437	8.1925
546.0406	8.2075
546.6375	8.2225
547.2344	8.24
547.9806	8.2575
548.5775	8.2725
549.1744	8.29
549.7714	8.305
550.5175	8.32
551.1144	8.34
551.7114	8.355
552.4575	8.37
553.0544	8.3875
553.6514	8.4
554.3975	8.42
554.9944	8.435
555.5914	8.45
556.1883	8.4675
556.9345	8.485
557.5314	8.5
558.2776	8.515
558.8745	8.5325
559.4714	8.5475
560.2176	8.565
560.8145	8.58
561.5607	8.595
562.1576	8.6125
562.7545	8.63
563.5007	8.645
564.0976	8.665
564.6945	8.6775
565.4407	8.6925
566.0376	8.71
566.7838	8.725
567.3807	8.745
568.1268	8.7575
568.7238	8.775
569.3207	8.79
570.0668	8.805
570.6638	8.825
571.4099	8.8375
572.0068	8.855
572.6038	8.87
573.3499	8.8875
573.9468	8.9075
574.6931	8.92
575.29	8.935
575.8869	8.9525
576.6331	8.9675
577.23	8.9875
577.8269	9.0025
578.5731	9.015
579.17	9.0325
579.9161	9.0475
580.5131	9.0675
581.2592	9.0825
581.8561	9.095
582.6023	9.1125
583.1992	9.1275
583.9454	9.1475
584.5423	9.1625
585.2885	9.18
585.8854	9.1925
586.6315	9.21
587.2285	9.2275
587.9746	9.2425
588.7208	9.26
589.3177	9.2725
590.0638	9.29
590.6608	9.3075
591.4069	9.3225
592.0038	9.34
592.7501	9.3525
593.347	9.37
594.0931	9.39
594.8393	9.405
595.4362	9.42
596.1824	9.435
596.7793	9.45
597.5255	9.47
598.2716	9.485
598.8685	9.5
599.6147	9.515
600.3608	9.53
601.107	9.55
601.7039	9.565
602.4501	9.5825
603.047	9.5975
603.7932	9.6125
604.5393	9.63
605.1362	9.645
605.8824	9.6625
606.6285	9.675
607.3747	9.6925
607.9716	9.7125
608.7178	9.7275
609.4639	9.7425
610.0609	9.76
610.807	9.7725
611.404	9.79
612.1501	9.805
612.8963	9.8225
613.4932	9.84
614.2394	9.8525
614.9855	9.8725
615.5825	9.8875
616.3286	9.905
617.0748	9.92
617.8209	9.9325
618.4178	9.9525
619.164	9.9675
619.9102	9.985
620.6563	10
