
                        S T E P       1


                                INCREMENT     5


 forces (fx,fy,fz) for set NBOT and time  0.5000000E+01

         1  2.524075E-09 -3.919935E-09 -1.151936E-08
         2  8.676094E-10 -1.362017E-08 -5.098772E-09
         3 -5.671803E-05 -8.830251E-05  1.347252E-04
         9  2.183937E-10  1.065712E-08  1.646413E-08
        11  1.131633E-09  3.547123E-08 -3.513183E-09
        12  4.334764E-08 -4.724779E-08 -4.065165E-08
        13  1.971103E-07 -4.626116E-07 -1.231989E-07
        14  1.655747E-07 -8.341729E-07  2.677706E-07
        15 -2.430402E-08 -2.005704E-06  1.656330E-06
        16 -3.955724E-06 -5.664578E-06  1.572618E-05
        17 -1.955431E-05 -2.438632E-05  3.301083E-05
        18 -2.739246E-08  4.812209E-08  8.531052E-08
        19 -3.682014E-07  2.068950E-07  6.445778E-07
        20 -2.202951E-06  1.212266E-06  2.894780E-06
        21 -5.580357E-06  1.684640E-06  7.759703E-06
        22 -2.089202E-05  2.440063E-06  2.366756E-05
        23 -5.084877E-05  2.893231E-05  9.142221E-05
        24 -2.508022E-04 -3.772799E-06  3.014625E-04
        25 -2.304175E-04 -3.877267E-04  5.222700E-04
        26 -6.953596E-04 -1.282255E-03  1.189639E-03
        27 -1.126928E-03 -3.582321E-03  3.220400E-03
       407 -8.226989E-04 -7.950816E-05  9.427297E-04
       408 -2.996997E-03 -7.059304E-04  2.819759E-03
       409 -8.317519E-03 -3.975724E-03  7.647788E-03
       410 -2.636147E-02 -1.782960E-02  2.322402E-02
       849 -4.919725E-09 -4.842506E-08 -5.759291E-08
       850  1.878828E-06 -2.932382E-06 -1.148883E-06
       851  1.291625E-05 -8.826373E-06 -2.394107E-06
       852  6.502247E-05 -1.523563E-05 -1.741490E-06
       853  1.969659E-04  3.299379E-05  3.187687E-05
       854  4.766318E-04  1.959653E-04  1.725816E-04
       855  9.140713E-05 -4.018140E-04 -4.837650E-04
       856  2.337942E-03 -7.008655E-03 -1.119410E-02
       857  6.139400E-03 -2.923543E-02 -8.208052E-02
       858 -1.067961E-02 -8.235358E-02 -2.306937E-01
       859 -2.575429E-01 -1.666063E-01 -2.483089E-01
       860 -2.338610E+00 -1.376111E+00  1.137790E+00
       861 -1.017259E+00 -6.210731E-01  3.217275E+00
       862  1.543820E+01  1.002379E+01 -1.138407E+01
       863 -6.789279E+00 -2.004317E+01  1.360525E+01
       864 -3.939852E+00 -7.313344E+00  2.404128E+00
       865  2.109404E-01  3.968867E-01 -1.451678E+00
       866  7.078937E-01  1.539641E-01  6.909769E-02
       867  1.709472E-01  1.371688E-01  4.295802E-01
       868  6.091070E-02 -1.147349E-01  2.897268E-01
       869  1.633749E-01  1.716242E-01 -4.839752E-02
       870  1.895966E-02  2.436252E-02 -4.626940E-02
       871  1.398803E-02  1.104320E-02 -2.343382E-02
       872  4.091031E-03  2.388039E-03 -4.660188E-03
       873  0.000000E+00  0.000000E+00  0.000000E+00
       874  0.000000E+00  0.000000E+00  0.000000E+00
       875  0.000000E+00  0.000000E+00  0.000000E+00
       876  3.738223E-09  5.968811E-10  2.391226E-08
       877  2.226834E-07  6.028876E-07  1.036607E-06
       878 -8.665838E-07  1.033246E-05  9.585554E-06
       879 -1.261029E-05  5.652895E-05  5.295266E-05
       880 -1.231025E-04  2.275016E-04  2.337595E-04
       881 -5.796461E-04  6.596470E-04  6.559287E-04
       882 -2.066483E-03  8.311970E-04  6.937072E-04
       883 -3.860870E-03 -3.537348E-03 -6.531744E-03
       884 -1.391536E-02 -3.188201E-02 -5.287066E-02
       885 -1.038767E-01 -1.616688E-01 -1.856314E-01
       886 -5.637327E-01 -4.805400E-01 -9.751784E-02
       887 -2.082000E+00 -1.336594E+00  1.744737E+00
       888 -4.346335E+00 -2.856147E+00  7.920217E+00
       889  2.663178E+00  4.802870E-01 -6.023814E+00
       890 -1.786249E+00  1.236666E+01 -6.525962E+00
       891 -6.373402E-01 -1.111167E+00 -3.051699E+00
       892 -4.568437E-02 -7.603987E-01  1.781031E+00
       893  9.223811E-01  5.914163E-01 -2.036952E+00
       894  3.101941E-01 -6.541589E-01  7.149798E-01
       895  2.677986E-02 -8.714828E-02 -8.573959E-03
       896  1.023050E-02  2.798243E-02 -4.125178E-02
       897  7.674870E-03  1.052795E-02 -1.888467E-02
       898  3.328615E-03  2.864596E-03 -5.297838E-03
       899  1.032625E-03  6.315850E-04 -1.085587E-03
       900  0.000000E+00  0.000000E+00  0.000000E+00
       901  0.000000E+00  0.000000E+00  0.000000E+00
       902  0.000000E+00  0.000000E+00  0.000000E+00
       903  0.000000E+00  0.000000E+00  0.000000E+00
       904  1.041559E-08  3.723595E-09 -1.793173E-08
       905 -7.982030E-10 -1.637612E-10 -3.803636E-10
       906  1.235853E-08  1.214608E-08  2.630489E-08
      1014 -8.380207E+00  9.224461E+01 -1.045396E+02
      1129 -8.321349E+00 -4.142977E+00  1.387323E+01
      1245 -1.108448E+01 -6.498176E+01  1.163419E+02
      1273 -1.839881E+00  4.631401E-01 -4.048564E+00
      1555 -1.217890E+00  8.960883E+00 -6.987889E+00
      3181  0.000000E+00  0.000000E+00  0.000000E+00
      3215  0.000000E+00  0.000000E+00  0.000000E+00
      3216  0.000000E+00  0.000000E+00  0.000000E+00
      3220  0.000000E+00  0.000000E+00  0.000000E+00
      3221  0.000000E+00  0.000000E+00  0.000000E+00
      3225  1.617923E-03  1.177445E-03 -1.959153E-03
      3226 -1.597586E-02 -9.039667E-03  1.762485E-02
      3230 -2.110816E-02 -2.150386E-02  5.003050E-02
      3231 -4.069003E-02 -3.105213E-02  6.346411E-02
      3235 -4.513144E-02 -6.058532E-02  1.221427E-01
      3236 -4.295067E-02 -6.723499E-02  1.191563E-01
      3240 -2.271338E-01 -4.528986E-01  3.471903E-01
      3241 -1.052570E-01 -2.913682E-01  2.686515E-01
      3245 -2.493209E-01 -7.434903E-01  7.444200E-01
      3250 -2.999069E-01 -1.870871E+00  1.382488E+00
      3269  4.780066E-01  3.754410E+00 -7.443789E+00
      3275  9.864270E+00  1.758239E+01 -2.052247E+01
      3277  6.026663E+00  1.200734E+01 -1.409538E+01
      5644 -2.763190E+01 -2.047772E+01  3.775962E+01
      5645 -1.161071E+01 -5.160457E+00  2.025392E+01
      5649  9.345488E+00 -2.125911E+01  2.378776E+01
      5650 -2.719919E+01 -2.097616E+01  3.464884E+01
      5652  5.895092E+00  2.402841E+01 -3.640160E+01
      5653  1.080509E+01  3.204108E+01 -5.464222E+01
      5654 -5.382576E+00  5.304098E+00 -1.063650E+01
      5655 -4.440767E+00  2.226944E+01 -6.508767E+01
      5656 -3.117041E+00 -3.784164E-01  5.837379E+00
      5657  1.561067E+00  6.262477E-01 -2.020961E+00
      5658 -2.456376E+01 -1.567642E+01  6.122577E+01
      5924  8.313386E+00  6.080823E+01 -1.019902E+02
      5925  6.381606E+00  8.239265E+00 -5.614885E+01
      6030 -8.438384E+00  3.551793E-01 -2.630920E+00
      6031 -1.108579E+01  1.093066E+01 -1.581841E+01
      6032 -1.975916E+01  7.998573E+00  5.397521E+00
      6033  6.051746E+01  1.532180E+01 -9.989014E+01
      6402 -8.044888E+00  3.925768E+00  1.293553E+01
      6688 -6.239143E+01 -1.275018E+02  2.881958E+02
      6869  1.960239E+02  3.049606E+01 -6.566052E+01
      6875 -1.764538E+01 -1.634088E+00  5.339215E+01
      6964 -2.068712E+01 -2.539437E+01  8.147065E+01
     10794 -2.535827E-09  2.662711E-08  2.127528E-08
     10795  1.963996E-09  2.811150E-08  1.688461E-08
     10796 -5.125965E-05 -2.153555E-05  4.375841E-05
     10797 -5.780595E-05 -2.191409E-04  2.482936E-04
     10798 -8.996034E-07 -4.126671E-07 -1.026935E-06
     10799 -2.647719E-03  2.538961E-04  1.127391E-03
     10800 -9.936468E-06 -1.637045E-06 -9.638819E-06
     10801  1.656708E-07  1.331217E-07 -1.148345E-07
     10802 -4.913678E-03 -6.106445E-03 -6.303714E-03
     10803  2.174465E-05 -6.162570E-05 -3.502647E-05
     10804 -5.344114E-02 -6.582498E-02 -3.320862E-03
     10805 -1.482274E-01 -1.860744E-01  1.814293E-03
     10806 -2.507385E-01 -2.077633E-01  2.515031E-01
     10807  1.197781E-07 -2.393085E-07 -2.881471E-08
     10808 -1.396533E+00 -1.592695E-01  5.807001E-01
     10809  2.092118E-04 -5.461489E-05  1.209165E-05
     10810  1.873196E-03 -2.709034E-03 -1.324321E-03
     10811  2.154314E-02  2.170268E-03 -1.113937E-03
     10812 -1.571651E-06 -1.494838E-06 -7.129609E-08
     10813  2.318676E-04 -1.907366E-04 -9.664117E-05
     10814 -4.187388E-05  5.118428E-06  1.664908E-05
     10815 -4.504944E-07  1.565044E-08  5.274616E-08
     10816 -3.458195E-07  7.276748E-08  5.574474E-08
     10817  1.093604E-04  4.679867E-05 -2.066162E-05
     10818  1.630409E-05  8.738726E-06 -1.827033E-05
     10819 -5.839711E-05  2.032439E-04  1.529672E-04
     10820  2.302743E-06 -3.475773E-07 -2.431200E-06
     10821 -5.248140E-04 -1.709536E-05  1.169362E-03
     10822  1.385662E-06 -4.988022E-06  1.072685E-06
     10823  1.082112E-01  2.710996E-01  4.340292E-02
     10824 -9.294742E+00  1.091722E+00  4.328673E+00
     10825  5.565453E-02  6.033825E-02  5.337208E-03
     10826 -4.165103E-03 -4.127029E-03  3.281463E-03
     10827 -2.051778E-07 -2.142481E-08 -2.355546E-07
     10828  8.968914E-07 -1.717792E-05 -9.900555E-06
     10829  3.049007E-08  1.787783E-07  2.122448E-07
     10830  1.398115E-09  4.368389E-08  4.252368E-08
     10831  6.340279E-09  2.788769E-08  4.681226E-09
     10832 -4.088596E-08  1.514004E-07  1.020302E-07
     10833 -5.339596E-07  7.795790E-07  5.714506E-07
     10834  5.732885E-09  2.196823E-09  1.048490E-08
     10835 -3.047303E-04  1.070224E-04  2.752254E-04
     10836 -4.665078E-04  1.719480E-04  3.774431E-04
     10837 -8.853880E-04  3.059038E-04  6.982283E-04
     10838  0.000000E+00  0.000000E+00  0.000000E+00
     10839 -3.883888E-04  1.327000E-04  2.730396E-04
     10840 -1.097356E-06  1.614705E-06  1.383160E-06
     10841 -4.645230E-06  3.815478E-06  4.459853E-06
     10842 -6.791616E-06  6.138184E-06  5.093674E-06
     10843 -3.346686E-06  4.469521E-06  2.934317E-06
     10844 -8.154542E-07  1.482657E-06  1.251960E-06
     10845 -4.123888E-06  5.433351E-06  3.958189E-06
     10846 -8.824358E-06  4.487523E-06  8.452293E-06
     10847 -1.527491E-05  8.844978E-06  1.277831E-05
     10848 -6.703950E-06  6.215701E-06  5.828979E-06
     10849 -2.683820E-05  1.390872E-05  2.383892E-05
     10850 -5.376539E-05  3.008003E-05  5.392452E-05
     10851 -1.466432E-05  1.014895E-05  1.096917E-05
     10852 -4.460070E-05  5.971004E-05  4.093321E-05
     10853 -2.145912E-04  9.850133E-05  1.925292E-04
     10854 -7.756521E-06  1.649413E-05  2.277689E-05
     10855 -9.001107E-05  9.523340E-05  1.352827E-04
     10856 -5.425431E-05  4.236978E-05  4.726949E-05
     10857 -1.852132E-04  1.059688E-04  1.630608E-04
     10858 -3.400798E-06  1.343719E-05  8.042820E-06
     10859 -8.191286E-07  2.182635E-06  1.526252E-06
     10860 -1.440100E-07  5.381220E-09  4.235318E-07
     10861  8.628668E-07 -6.020070E-07 -1.026852E-07
     10862 -1.157632E-06  3.266880E-06  2.563963E-06
     10863 -3.905947E-05  7.226287E-05  4.448742E-05
     10864 -8.377930E-06  2.556824E-05  1.656700E-05
     10865 -1.216129E-05  2.173100E-05  1.428601E-05
     10866 -2.465679E-04  2.795920E-04  1.851529E-04
     10867 -6.501576E-05  1.257902E-04  8.672985E-05
     10868 -6.623392E-05  9.589775E-05  6.736848E-05
     10869 -1.118364E-03  8.812353E-04  6.970460E-04
     10870 -3.714180E-04  4.485470E-04  3.654873E-04
     10871 -3.679702E-04  3.488251E-04  3.085668E-04
     10872 -3.493443E-03  1.931860E-03  1.729870E-03
     10873 -1.493169E-03  1.177305E-03  1.122063E-03
     10874 -1.879584E-03  1.141767E-03  1.194355E-03
     10875 -5.653269E-03  2.277238E-03  1.117038E-03
     10876 -4.061699E-03  1.777674E-03  1.896611E-03
     10877 -5.177468E-03  1.877978E-03  2.674844E-03
     10878 -1.307380E-02 -4.144865E-04 -9.103254E-04
     10879 -3.401176E-02 -2.298445E-02 -1.689242E-02
     10880 -2.395359E-02 -1.272517E-03 -1.234644E-03
     10881 -1.558047E-02 -2.013781E-03  3.244135E-03
     10882 -2.299317E-01 -2.566296E-01  1.545195E-01
     10883 -2.254584E-01 -1.679926E-01  1.453161E-02
     10884 -1.268874E-01 -5.132210E-02  7.133382E-02
     10885 -9.342360E-02 -8.728349E-02  3.940973E-02
     10886 -4.402155E-02 -2.292508E-02  1.097692E-02
     10887 -7.142448E-01 -8.948976E-01  6.474475E-01
     10888 -7.936671E-01 -6.611100E-01  3.253620E-01
     10889 -1.785400E-01 -2.949608E-01  1.146431E-01
     10890 -5.151020E-01 -1.309241E+00  1.026105E+00
     10891 -1.705844E+00 -1.906904E+00  1.420486E+00
     10892 -4.613866E-01 -1.321903E+00  6.438450E-01
     10893  9.202432E-02 -2.208607E+00 -5.437405E-01
     10894 -1.745098E+00 -3.805935E+00  2.272190E+00
     10895 -1.479645E-02 -2.430842E+00  1.260613E+00
     10896  5.669843E+00 -3.759292E+00  2.019647E+00
     10897  2.876515E+00  9.998474E-01 -1.602867E-01
     10898 -1.819309E-01 -2.449429E+00  1.950135E+00
     10899 -3.134422E-01  1.622432E+00 -5.764090E-01
     10900  7.534075E-01 -5.639598E+00  1.207453E+00
     10901  2.230896E+00  3.493813E-01 -4.658432E-01
     10902  1.334087E+00 -1.416484E-01 -8.482112E-01
     10903  8.931719E-02 -1.480059E+00  6.616535E-01
     10904  3.716967E-01 -6.963719E-01 -2.529872E-02
     10905 -2.265444E-01 -1.041503E+00  2.501560E-01
     10906 -1.303656E-01 -2.566430E-01  6.195617E-02
     10907 -4.827308E-01 -9.205467E-01  7.300795E-01
     10908  9.628434E-02  1.051073E-03  1.868009E-02
     10909 -2.212086E-01 -3.082879E-01  2.972053E-01
     10910 -2.248527E-02 -1.911164E-01  1.620519E-01
     10911 -9.240163E-03 -1.278248E-02  2.529916E-02
     10912 -1.186982E-01 -6.987384E-02  2.226673E-01
     10913 -1.462201E-01 -1.692140E-01  8.669660E-02
     10914 -1.758283E-01 -2.026298E-01  1.360035E-01
     10915 -8.878734E-02 -7.122555E-02  7.696706E-02
     10916  5.028904E-03  3.169053E-03 -6.932495E-03
     10917  1.533444E-03  7.574792E-04 -1.352539E-03
     10918 -4.832561E-03 -3.791091E-03  1.083205E-02
     10919  4.769312E-03  2.939116E-03 -6.474885E-03
     10920 -3.731966E-02 -1.728552E-02  2.720733E-02
     10921 -8.641748E-02 -4.500694E-02  6.573256E-02
     10922  0.000000E+00  0.000000E+00  0.000000E+00
     10923  2.014019E-03  1.009885E-03 -2.527582E-03
     10924  1.902370E-03  9.279239E-04 -1.671052E-03
     10925 -1.812870E-02 -2.490571E-03  1.325386E-02
     10926 -2.274210E-02  1.106773E-03  2.089062E-02
     10927  0.000000E+00  0.000000E+00  0.000000E+00
     10928  0.000000E+00  0.000000E+00  0.000000E+00
     10929  0.000000E+00  0.000000E+00  0.000000E+00
     10930 -6.254768E-03  1.259148E-03  4.185580E-03
     10931  0.000000E+00  0.000000E+00  0.000000E+00
     10932 -2.669396E-03  9.038137E-04  1.925563E-03
     10933 -1.383598E-03  3.533813E-04  8.816776E-04
     10934  7.901152E-08  2.845262E-07  3.798574E-07
     10935 -2.177448E-04  1.375675E-04  1.688350E-04
     10936 -2.187151E-04  1.594416E-04  1.243054E-04
     10937 -2.848765E-04  2.667297E-04  2.363909E-04
     10938 -3.277790E-04  1.749001E-04  1.789336E-04
     10939 -4.532682E-04  2.390170E-04  2.527542E-04
     10940 -5.437606E-04  3.296612E-04  2.865219E-04
     10941 -1.045766E-03  5.444609E-04  6.070212E-04
     10942 -6.886996E-03  1.323202E-03  3.896175E-03
     10943 -3.862480E-03  8.553557E-04  2.408504E-03
     10944 -6.266446E-03  1.649591E-03  3.514491E-03
     10945 -1.190461E-02 -1.280865E-05  4.956254E-03
     10946 -3.548515E-03  1.012102E-03  1.665687E-03
     10947 -3.622689E-03  1.161160E-03  2.029604E-03
     10948 -1.748905E-05  1.816539E-05  1.471115E-05
     10949 -1.868361E-05  2.218606E-05  1.816420E-05
     10950 -3.957882E-05  4.155367E-05  2.782790E-05
     10951 -1.031233E-05  9.012678E-06  6.787539E-06
     10952 -6.061323E-06  6.535245E-06  6.347727E-06
     10953 -6.388162E-06  8.671041E-06  5.305056E-06
     10954 -1.039641E-05  1.628900E-05  9.727472E-06
     10955 -1.501559E-02 -1.007906E-03  5.912080E-03
     10956 -1.887545E-02 -1.646685E-03  1.041533E-02
     10957 -3.417134E-02 -1.419765E-02  1.121799E-02
     10958 -1.009272E-04  1.014214E-04  8.128087E-05
     10959 -5.546896E-05  6.798089E-05  4.996151E-05
     10960 -2.884837E-03  1.188096E-03  1.617517E-03
     10961 -1.407917E-03  8.494981E-04  9.274241E-04
     11110 -1.885982E+01 -7.742146E+00  7.774665E+00
     11249  1.288437E+00  5.602899E+00 -4.805462E+00
     14467 -6.069204E-01 -7.265388E-01  2.658444E-01
     14547 -5.673413E-02 -2.263482E-02  4.087896E-02
     14550 -3.339268E-01 -2.626626E-01  1.374182E-01
     14557 -6.839007E-02 -1.790096E-02  3.137823E-02
     14585 -1.380084E-01 -1.360934E-01  1.273637E-01
     14586 -1.620522E-01 -6.984091E-02  6.691297E-02
     14623 -1.840779E-02  4.140207E-04  1.324263E-02
     14624 -2.879492E-02 -1.368486E-03  2.348797E-02
     14632 -2.874811E-03  9.103920E-04  1.577606E-03
     14640 -6.960017E-02 -4.060200E-02  3.971890E-02
     14643 -7.922814E-03  1.322769E-03  4.578690E-03
     14644 -9.128243E-09 -2.169397E-08  4.157358E-08
     14648 -4.861208E-04  2.562075E-04  1.095986E-04
     14650 -1.111152E-02 -9.241972E-04  8.008436E-03
     14651 -6.541262E-04  2.477700E-04  1.230476E-04
     14660 -3.950384E-03  3.310343E-04  2.782147E-03
     14662 -1.911300E-07  7.821003E-07  8.338807E-08
     14680 -1.455983E-08  3.635464E-09  2.351712E-08
     14699 -4.872461E-06  1.664073E-05  1.358974E-06
     14700 -7.085636E-07  5.178745E-06  1.439687E-06
     14701  3.206530E-07  4.338224E-08 -1.820254E-08
     14712 -6.725022E-07  2.293250E-06  8.278803E-07
     14713  1.857160E-08  1.555053E-07  2.455427E-08
     14714  2.273525E-08  2.323935E-08  2.477845E-08
     14718 -5.042258E-08  3.755838E-07 -4.807817E-08
     14721 -3.802178E-08  9.995749E-07 -1.694117E-08
     14748 -1.837767E-03  4.465365E-04  1.193063E-03

 total force (fx,fy,fz) for set NBOT and time  0.5000000E+01

        2.194859E+00  8.114321E-01  1.138381E+02

                                INCREMENT    10


 forces (fx,fy,fz) for set NBOT and time  0.1000000E+02

         1  5.085927E-09 -7.899708E-09 -2.321548E-08
         2  1.748294E-09 -2.744965E-08 -1.027579E-08
         3 -1.144038E-04 -1.779920E-04  2.717116E-04
         9  4.416262E-10  2.147613E-08  3.318077E-08
        11  2.280694E-09  7.148800E-08 -7.080540E-09
        12  8.736152E-08 -9.522537E-08 -8.192298E-08
        13  3.972212E-07 -9.323546E-07 -2.483045E-07
        14  3.337562E-07 -1.681326E-06  5.395228E-07
        15 -4.902245E-08 -4.042974E-06  3.338398E-06
        16 -7.978211E-06 -1.141890E-05  3.170887E-05
        17 -3.944456E-05 -4.914921E-05  6.658066E-05
        18 -5.520631E-08  9.698307E-08  1.719308E-07
        19 -7.420590E-07  4.169622E-07  1.299053E-06
        20 -4.439813E-06  2.443286E-06  5.834211E-06
        21 -1.124772E-05  3.395883E-06  1.564077E-05
        22 -4.211763E-05  4.918039E-06  4.771275E-05
        23 -1.025058E-04  5.832381E-05  1.843164E-04
        24 -5.055957E-04 -7.747242E-06  6.078123E-04
        25 -4.642124E-04 -7.812134E-04  1.052915E-03
        26 -1.399048E-03 -2.581766E-03  2.396060E-03
        27 -2.267322E-03 -7.204237E-03  6.476273E-03
       407 -1.657806E-03 -1.609544E-04  1.900244E-03
       408 -6.034894E-03 -1.424085E-03  5.679432E-03
       409 -1.673403E-02 -7.999801E-03  1.538576E-02
       410 -5.298544E-02 -3.582188E-02  4.666901E-02
       849 -9.911106E-09 -9.759398E-08 -1.160842E-07
       850  3.786011E-06 -5.908828E-06 -2.314703E-06
       851  2.603202E-05 -1.778414E-05 -4.820804E-06
       852  1.311106E-04 -3.071743E-05 -3.575516E-06
       853  3.973616E-04  6.661506E-05  6.375333E-05
       854  9.621356E-04  3.973251E-04  3.458524E-04
       855  1.778850E-04 -7.808935E-04 -9.497659E-04
       856  4.628663E-03 -1.395286E-02 -2.231842E-02
       857  1.229779E-02 -5.838584E-02 -1.641238E-01
       858 -2.112832E-02 -1.650415E-01 -4.622494E-01
       859 -5.137073E-01 -3.349246E-01 -5.015947E-01
       860 -4.673833E+00 -2.755827E+00  2.257270E+00
       861 -2.028471E+00 -1.244563E+00  6.413188E+00
       862  3.084551E+01  2.011877E+01 -2.273877E+01
       863 -1.352842E+01 -3.989281E+01  2.708920E+01
       864 -7.784378E+00 -1.448882E+01  4.771002E+00
       865  4.169276E-01  7.785516E-01 -2.857609E+00
       866  1.392715E+00  2.815050E-01  1.715162E-01
       867  3.407239E-01  2.739716E-01  8.719466E-01
       868  1.226378E-01 -2.306724E-01  5.824831E-01
       869  3.296320E-01  3.446464E-01 -9.749690E-02
       870  3.813116E-02  4.890971E-02 -9.288294E-02
       871  2.811641E-02  2.216940E-02 -4.705027E-02
       872  8.219946E-03  4.796608E-03 -9.357835E-03
       873  0.000000E+00  0.000000E+00  0.000000E+00
       874  0.000000E+00  0.000000E+00  0.000000E+00
       875  0.000000E+00  0.000000E+00  0.000000E+00
       876  7.534226E-09  1.204990E-09  4.818933E-08
       877  4.487095E-07  1.214945E-06  2.089024E-06
       878 -1.747140E-06  2.081903E-05  1.931309E-05
       879 -2.543316E-05  1.138665E-04  1.066355E-04
       880 -2.483004E-04  4.581064E-04  4.706375E-04
       881 -1.170010E-03  1.329604E-03  1.321834E-03
       882 -4.180600E-03  1.695372E-03  1.427509E-03
       883 -7.859367E-03 -6.983941E-03 -1.293736E-02
       884 -2.820087E-02 -6.363840E-02 -1.054904E-01
       885 -2.085977E-01 -3.235983E-01 -3.715426E-01
       886 -1.128135E+00 -9.635402E-01 -1.999307E-01
       887 -4.162994E+00 -2.682024E+00  3.468522E+00
       888 -8.695062E+00 -5.734698E+00  1.580048E+01
       889  5.328682E+00  9.744416E-01 -1.203108E+01
       890 -3.591901E+00  2.465665E+01 -1.296937E+01
       891 -1.295294E+00 -2.277973E+00 -6.000059E+00
       892 -8.940350E-02 -1.504851E+00  3.533584E+00
       893  1.821227E+00  1.125229E+00 -3.980089E+00
       894  6.014902E-01 -1.337149E+00  1.476834E+00
       895  5.219544E-02 -1.750192E-01 -1.702935E-02
       896  2.071503E-02  5.623336E-02 -8.282221E-02
       897  1.544637E-02  2.113554E-02 -3.789531E-02
       898  6.691214E-03  5.750457E-03 -1.063482E-02
       899  2.074893E-03  1.268544E-03 -2.179680E-03
       900  0.000000E+00  0.000000E+00  0.000000E+00
       901  0.000000E+00  0.000000E+00  0.000000E+00
       902  0.000000E+00  0.000000E+00  0.000000E+00
       903  0.000000E+00  0.000000E+00  0.000000E+00
       904  2.099104E-08  7.504567E-09 -3.613977E-08
       905 -1.608639E-09 -3.300975E-10 -7.666469E-10
       906  2.490701E-08  2.447875E-08  5.301423E-08
      1014 -1.682730E+01  1.841618E+02 -2.089142E+02
      1129 -1.657836E+01 -8.294320E+00  2.773727E+01
      1245 -2.172911E+01 -1.303105E+02  2.328796E+02
      1273 -3.724369E+00  9.437922E-01 -8.094444E+00
      1555 -2.452235E+00  1.797152E+01 -1.393525E+01
      3181  0.000000E+00  0.000000E+00  0.000000E+00
      3215  0.000000E+00  0.000000E+00  0.000000E+00
      3216  0.000000E+00  0.000000E+00  0.000000E+00
      3220  0.000000E+00  0.000000E+00  0.000000E+00
      3221  0.000000E+00  0.000000E+00  0.000000E+00
      3225  3.250564E-03  2.365092E-03 -3.934982E-03
      3226 -3.209966E-02 -1.815730E-02  3.539123E-02
      3230 -4.242738E-02 -4.317345E-02  1.004799E-01
      3231 -8.179751E-02 -6.233286E-02  1.273973E-01
      3235 -9.072396E-02 -1.216076E-01  2.452241E-01
      3236 -8.644964E-02 -1.349669E-01  2.391347E-01
      3240 -4.575860E-01 -9.098866E-01  6.975610E-01
      3241 -2.131016E-01 -5.845916E-01  5.395469E-01
      3245 -5.043755E-01 -1.495782E+00  1.497323E+00
      3250 -6.344416E-01 -3.779392E+00  2.792102E+00
      3269  9.362072E-01  7.407411E+00 -1.475814E+01
      3275  1.959470E+01  3.484503E+01 -4.081207E+01
      3277  1.198566E+01  2.381486E+01 -2.799358E+01
      5644 -5.521677E+01 -4.104560E+01  7.544504E+01
      5645 -2.321643E+01 -1.040391E+01  4.039864E+01
      5649  1.859469E+01 -4.257314E+01  4.767168E+01
      5650 -5.438911E+01 -4.216934E+01  6.927077E+01
      5652  1.171407E+01  4.776481E+01 -7.245988E+01
      5653  2.147582E+01  6.364629E+01 -1.087762E+02
      5654 -1.075913E+01  1.041235E+01 -2.101918E+01
      5655 -8.928034E+00  4.428487E+01 -1.297051E+02
      5656 -6.270256E+00 -9.142857E-01  1.184515E+01
      5657  3.077838E+00  1.087470E+00 -3.817323E+00
      5658 -4.907772E+01 -3.166246E+01  1.224228E+02
      5924  1.643805E+01  1.212685E+02 -2.035696E+02
      5925  1.262568E+01  1.635851E+01 -1.118880E+02
      6030 -1.684460E+01  5.733206E-01 -5.045769E+00
      6031 -2.216559E+01  2.158359E+01 -3.124649E+01
      6032 -3.956426E+01  1.571454E+01  1.126686E+01
      6033  1.207505E+02  3.097753E+01 -1.995180E+02
      6402 -1.614727E+01  7.731753E+00  2.601765E+01
      6688 -1.236576E+02 -2.545211E+02  5.746936E+02
      6869  3.922756E+02  6.628670E+01 -1.362650E+02
      6875 -3.518033E+01 -3.602579E+00  1.070331E+02
      6964 -4.126472E+01 -5.107992E+01  1.629009E+02
     10794 -5.110829E-09  5.366375E-08  4.287877E-08
     10795  3.958221E-09  5.665518E-08  3.402866E-08
     10796 -1.034517E-04 -4.362520E-05  8.818687E-05
     10797 -1.180807E-04 -4.425376E-04  5.007664E-04
     10798 -1.813430E-06 -8.314971E-07 -2.069684E-06
     10799 -5.336448E-03  5.113012E-04  2.273073E-03
     10800 -2.002171E-05 -3.296747E-06 -1.942380E-05
     10801  3.338876E-07  2.681713E-07 -2.314814E-07
     10802 -9.885969E-03 -1.222299E-02 -1.249760E-02
     10803  4.423717E-05 -1.241477E-04 -7.071263E-05
     10804 -1.070433E-01 -1.319541E-01 -6.472121E-03
     10805 -2.941790E-01 -3.733724E-01  2.851502E-03
     10806 -5.037353E-01 -4.227752E-01  5.059266E-01
     10807  2.413888E-07 -4.822998E-07 -5.806420E-08
     10808 -2.794733E+00 -3.273140E-01  1.167958E+00
     10809  4.217123E-04 -1.101242E-04  2.435918E-05
     10810  3.772870E-03 -5.446986E-03 -2.659593E-03
     10811  4.333956E-02  4.330613E-03 -2.231134E-03
     10812 -3.167446E-06 -3.012977E-06 -1.452990E-07
     10813  4.676808E-04 -3.833436E-04 -1.934617E-04
     10814 -8.442754E-05  1.008774E-05  3.338045E-05
     10815 -9.080357E-07  3.148287E-08  1.062946E-07
     10816 -6.969492E-07  1.466528E-07  1.123250E-07
     10817  2.205825E-04  9.447390E-05 -4.183004E-05
     10818  3.280346E-05  1.759438E-05 -3.689307E-05
     10819 -1.213298E-04  4.127403E-04  3.073240E-04
     10820  4.644081E-06 -6.997134E-07 -4.899154E-06
     10821 -1.047858E-03 -3.024047E-05  2.332305E-03
     10822  2.792371E-06 -1.005197E-05  2.162078E-06
     10823  2.178858E-01  5.446604E-01  8.745034E-02
     10824 -1.862880E+01  2.148050E+00  8.669340E+00
     10825  1.120077E-01  1.209847E-01  1.055392E-02
     10826 -8.337440E-03 -8.256147E-03  6.575164E-03
     10827 -4.134902E-07 -4.314870E-08 -4.748742E-07
     10828  1.801596E-06 -3.465994E-05 -1.998944E-05
     10829  6.144324E-08  3.602684E-07  4.277203E-07
     10830  2.818911E-09  8.803271E-08  8.569856E-08
     10831  1.277805E-08  5.620401E-08  9.434781E-09
     10832 -8.239706E-08  3.051288E-07  2.056295E-07
     10833 -1.076115E-06  1.571166E-06  1.151681E-06
     10834  1.155384E-08  4.427516E-09  2.113107E-08
     10835 -6.142242E-04  2.155276E-04  5.548271E-04
     10836 -9.402723E-04  3.462163E-04  7.608676E-04
     10837 -1.783907E-03  6.156154E-04  1.407017E-03
     10838  0.000000E+00  0.000000E+00  0.000000E+00
     10839 -7.828284E-04  2.672262E-04  5.503661E-04
     10840 -2.211503E-06  3.254244E-06  2.787565E-06
     10841 -9.361992E-06  7.690088E-06  8.988537E-06
     10842 -1.368826E-05  1.237212E-05  1.026622E-05
     10843 -6.744684E-06  9.008136E-06  5.913793E-06
     10844 -1.643378E-06  2.988102E-06  2.523132E-06
     10845 -8.310706E-06  1.095038E-05  7.977250E-06
     10846 -1.778621E-05  9.045596E-06  1.703635E-05
     10847 -3.078893E-05  1.782865E-05  2.575672E-05
     10848 -1.351131E-05  1.252794E-05  1.174854E-05
     10849 -5.409924E-05  2.803744E-05  4.805521E-05
     10850 -1.083826E-04  6.062815E-05  1.087036E-04
     10851 -2.955781E-05  2.045604E-05  2.210996E-05
     10852 -8.990368E-05  1.203453E-04  8.252442E-05
     10853 -4.325434E-04  1.984778E-04  3.880778E-04
     10854 -1.563832E-05  3.323831E-05  4.591114E-05
     10855 -1.814603E-04  1.918967E-04  2.726917E-04
     10856 -1.093633E-04  8.539137E-05  9.527801E-05
     10857 -3.734573E-04  2.134456E-04  3.286570E-04
     10858 -6.851973E-06  2.707734E-05  1.620652E-05
     10859 -1.650561E-06  4.398237E-06  3.075714E-06
     10860 -2.901978E-07  1.084345E-08  8.534389E-07
     10861  1.738984E-06 -1.213255E-06 -2.069232E-07
     10862 -2.332914E-06  6.583976E-06  5.167468E-06
     10863 -7.871650E-05  1.456046E-04  8.962952E-05
     10864 -1.688073E-05  5.151750E-05  3.338077E-05
     10865 -2.450717E-05  4.379138E-05  2.878742E-05
     10866 -4.971651E-04  5.633074E-04  3.730640E-04
     10867 -1.310593E-04  2.534207E-04  1.747063E-04
     10868 -1.335035E-04  1.932275E-04  1.357462E-04
     10869 -2.257138E-03  1.775682E-03  1.405651E-03
     10870 -7.495332E-04  9.038255E-04  7.362872E-04
     10871 -7.419652E-04  7.027295E-04  6.219073E-04
     10872 -7.062043E-03  3.895174E-03  3.500323E-03
     10873 -3.018003E-03  2.374090E-03  2.263050E-03
     10874 -3.792148E-03  2.300084E-03  2.409257E-03
     10875 -1.149263E-02  4.602848E-03  2.339273E-03
     10876 -8.236717E-03  3.602977E-03  3.859078E-03
     10877 -1.045476E-02  3.789984E-03  5.408896E-03
     10878 -2.644704E-02 -7.637225E-04 -1.652744E-03
     10879 -6.877129E-02 -4.588054E-02 -3.343774E-02
     10880 -4.837415E-02 -2.480495E-03 -2.219115E-03
     10881 -3.147560E-02 -3.961989E-03  6.660785E-03
     10882 -4.628302E-01 -5.137509E-01  3.098269E-01
     10883 -4.525395E-01 -3.361980E-01  2.956657E-02
     10884 -2.553803E-01 -1.026079E-01  1.433642E-01
     10885 -1.881588E-01 -1.747303E-01  7.955867E-02
     10886 -8.862364E-02 -4.582166E-02  2.228155E-02
     10887 -1.433347E+00 -1.793371E+00  1.294779E+00
     10888 -1.590064E+00 -1.322896E+00  6.509188E-01
     10889 -3.597293E-01 -5.907528E-01  2.303896E-01
     10890 -1.038053E+00 -2.626155E+00  2.060528E+00
     10891 -3.417631E+00 -3.817433E+00  2.841652E+00
     10892 -9.313113E-01 -2.645320E+00  1.293463E+00
     10893  1.655935E-01 -4.438174E+00 -1.062129E+00
     10894 -3.502618E+00 -7.625539E+00  4.553611E+00
     10895 -4.542762E-02 -4.874522E+00  2.532872E+00
     10896  1.131004E+01 -7.525536E+00  4.063860E+00
     10897  5.763642E+00  2.017349E+00 -3.103822E-01
     10898 -3.717069E-01 -4.921147E+00  3.914840E+00
     10899 -6.633407E-01  3.123557E+00 -1.055968E+00
     10900  1.489033E+00 -1.125710E+01  2.462920E+00
     10901  4.488352E+00  7.103910E-01 -9.339006E-01
     10902  2.646050E+00 -3.039332E-01 -1.679948E+00
     10903  1.626680E-01 -2.987101E+00  1.328781E+00
     10904  7.228511E-01 -1.406861E+00 -3.668759E-02
     10905 -4.665215E-01 -2.100001E+00  5.106801E-01
     10906 -2.649045E-01 -5.160204E-01  1.275835E-01
     10907 -9.847239E-01 -1.853015E+00  1.476100E+00
     10908  1.953733E-01  1.689078E-03  3.648134E-02
     10909 -4.480247E-01 -6.202825E-01  5.994071E-01
     10910 -5.133238E-02 -3.841532E-01  3.272760E-01
     10911 -1.859285E-02 -2.564500E-02  5.077654E-02
     10912 -2.393865E-01 -1.398091E-01  4.477916E-01
     10913 -2.954750E-01 -3.397687E-01  1.748659E-01
     10914 -3.535248E-01 -4.059104E-01  2.733356E-01
     10915 -1.791874E-01 -1.428699E-01  1.550182E-01
     10916  1.010888E-02  6.361733E-03 -1.391656E-02
     10917  3.081230E-03  1.521572E-03 -2.715403E-03
     10918 -9.719855E-03 -7.608343E-03  2.175262E-02
     10919  9.587081E-03  5.900037E-03 -1.299803E-02
     10920 -7.503981E-02 -3.473439E-02  5.469616E-02
     10921 -1.739566E-01 -9.003801E-02  1.323011E-01
     10922  0.000000E+00  0.000000E+00  0.000000E+00
     10923  4.046628E-03  2.028445E-03 -5.075718E-03
     10924  3.822528E-03  1.863951E-03 -3.354874E-03
     10925 -3.648288E-02 -5.004963E-03  2.666718E-02
     10926 -4.578101E-02  2.280867E-03  4.203997E-02
     10927  0.000000E+00  0.000000E+00  0.000000E+00
     10928  0.000000E+00  0.000000E+00  0.000000E+00
     10929  0.000000E+00  0.000000E+00  0.000000E+00
     10930 -1.259315E-02  2.531653E-03  8.423178E-03
     10931  0.000000E+00  0.000000E+00  0.000000E+00
     10932 -5.379983E-03  1.817316E-03  3.878722E-03
     10933 -2.788446E-03  7.106042E-04  1.776569E-03
     10934  1.592391E-07  5.734319E-07  7.655458E-07
     10935 -4.387759E-04  2.772654E-04  3.402959E-04
     10936 -4.409558E-04  3.211924E-04  2.505057E-04
     10937 -5.745788E-04  5.374589E-04  4.764252E-04
     10938 -6.606869E-04  3.521292E-04  3.605915E-04
     10939 -9.139245E-04  4.811856E-04  5.092667E-04
     10940 -1.096186E-03  6.635782E-04  5.773450E-04
     10941 -2.108297E-03  1.095938E-03  1.223432E-03
     10942 -1.387681E-02  2.665409E-03  7.848569E-03
     10943 -7.776659E-03  1.718892E-03  4.849152E-03
     10944 -1.262887E-02  3.317540E-03  7.086111E-03
     10945 -2.398006E-02 -6.822839E-06  9.992125E-03
     10946 -7.152914E-03  2.037663E-03  3.356034E-03
     10947 -7.314521E-03  2.340067E-03  4.096249E-03
     10948 -3.524818E-05  3.661097E-05  2.964995E-05
     10949 -3.765389E-05  4.471395E-05  3.660673E-05
     10950 -7.977662E-05  8.374285E-05  5.608470E-05
     10951 -2.078491E-05  1.816533E-05  1.368080E-05
     10952 -1.221569E-05  1.317187E-05  1.279345E-05
     10953 -1.287411E-05  1.747582E-05  1.069158E-05
     10954 -2.095061E-05  3.282619E-05  1.960348E-05
     10955 -3.027111E-02 -1.987131E-03  1.195301E-02
     10956 -3.803666E-02 -3.287444E-03  2.099742E-02
     10957 -6.882101E-02 -2.841225E-02  2.264672E-02
     10958 -2.034424E-04  2.043453E-04  1.637972E-04
     10959 -1.118088E-04  1.369935E-04  1.006871E-04
     10960 -5.810950E-03  2.386394E-03  3.259053E-03
     10961 -2.842158E-03  1.711233E-03  1.869458E-03
     11110 -3.778227E+01 -1.565458E+01  1.558876E+01
     11249  2.446213E+00  1.095911E+01 -9.520684E+00
     14467 -1.229067E+00 -1.460224E+00  5.370208E-01
     14547 -1.140888E-01 -4.543363E-02  8.216938E-02
     14550 -6.724193E-01 -5.272655E-01  2.765432E-01
     14557 -1.375900E-01 -3.591411E-02  6.309302E-02
     14585 -2.776613E-01 -2.731546E-01  2.559904E-01
     14586 -3.262104E-01 -1.400135E-01  1.346392E-01
     14623 -3.702790E-02  8.302651E-04  2.662579E-02
     14624 -5.792506E-02 -2.735770E-03  4.721271E-02
     14632 -5.790255E-03  1.830849E-03  3.176818E-03
     14640 -1.399848E-01 -8.143755E-02  7.980060E-02
     14643 -1.595003E-02  2.657482E-03  9.215062E-03
     14644 -1.839690E-08 -4.372168E-08  8.378573E-08
     14648 -9.799919E-04  5.162775E-04  2.209329E-04
     14650 -2.235588E-02 -1.862780E-03  1.611144E-02
     14651 -1.318673E-03  4.991418E-04  2.481119E-04
     14660 -7.954227E-03  6.637053E-04  5.602132E-03
     14662 -3.851865E-07  1.576216E-06  1.680543E-07
     14680 -2.934102E-08  7.325600E-09  4.739435E-08
     14699 -9.817452E-06  3.353464E-05  2.738505E-06
     14700 -1.427916E-06  1.043731E-05  2.901543E-06
     14701  6.462419E-07  8.741773E-08 -3.666757E-08
     14712 -1.355206E-06  4.621716E-06  1.668452E-06
     14713  3.742862E-08  3.134002E-07  4.948699E-08
     14714  4.581968E-08  4.683632E-08  4.993948E-08
     14718 -1.014997E-07  7.569150E-07 -9.679821E-08
     14721 -7.662406E-08  2.014504E-06 -3.414358E-08
     14748 -3.703064E-03  8.980019E-04  2.404269E-03

 total force (fx,fy,fz) for set NBOT and time  0.1000000E+02

        4.574139E+00  1.663204E+00  2.270468E+02

                                INCREMENT    15


 forces (fx,fy,fz) for set NBOT and time  0.1500000E+02

         1  7.682184E-09 -1.193390E-08 -3.507232E-08
         2  2.640881E-09 -4.146941E-08 -1.552394E-08
         3 -1.729628E-04 -2.689400E-04  4.107408E-04
         9  6.691652E-10  3.244243E-08  5.012701E-08
        11  3.445595E-09  1.080007E-07 -1.069713E-08
        12  1.319811E-07 -1.438662E-07 -1.237580E-07
        13  6.000618E-07 -1.408579E-06 -3.751428E-07
        14  5.043036E-07 -2.540270E-06  8.149033E-07
        15 -7.411922E-08 -6.108892E-06  5.043849E-06
        16 -1.206101E-05 -1.725466E-05  4.792384E-05
        17 -5.963793E-05 -7.425423E-05  1.006553E-04
        18 -8.340323E-08  1.465158E-07  2.597419E-07
        19 -1.121059E-06  6.299137E-07  1.962527E-06
        20 -6.707501E-06  3.691348E-06  8.814224E-06
        21 -1.699410E-05  5.131265E-06  2.363203E-05
        22 -6.364572E-05  7.430439E-06  7.210036E-05
        23 -1.548957E-04  8.813174E-05  2.785442E-04
        24 -7.640080E-04 -1.189598E-05  9.185877E-04
        25 -7.010843E-04 -1.179947E-03  1.591145E-03
        26 -2.110447E-03 -3.897107E-03  3.617811E-03
        27 -3.420170E-03 -1.086307E-02  9.765240E-03
       407 -2.504202E-03 -2.441156E-04  2.871174E-03
       408 -9.110273E-03 -2.153249E-03  8.575575E-03
       409 -2.524229E-02 -1.206856E-02  2.320736E-02
       410 -7.985709E-02 -5.396891E-02  7.032334E-02
       849 -1.496787E-08 -1.474391E-07 -1.753914E-07
       850  5.719008E-06 -8.925395E-06 -3.495963E-06
       851  3.932915E-05 -2.686164E-05 -7.277412E-06
       852  1.981635E-04 -4.642226E-05 -5.489717E-06
       853  6.008499E-04  1.008001E-04  9.566095E-05
       854  1.455602E-03  6.034468E-04  5.198899E-04
       855  2.602700E-04 -1.141093E-03 -1.401134E-03
       856  6.881841E-03 -2.084947E-02 -3.339450E-02
       857  1.848054E-02 -8.749420E-02 -2.462177E-01
       858 -3.138356E-02 -2.480980E-01 -6.947711E-01
       859 -7.689323E-01 -5.048721E-01 -7.593834E-01
       860 -7.008407E+00 -4.139969E+00  3.362180E+00
       861 -3.035208E+00 -1.870549E+00  9.593872E+00
       862  4.623999E+01  3.028411E+01 -3.407834E+01
       863 -2.023155E+01 -5.960083E+01  4.048666E+01
       864 -1.155159E+01 -2.155512E+01  7.109491E+00
       865  6.192017E-01  1.147933E+00 -4.226234E+00
       866  2.058731E+00  3.868344E-01  3.022064E-01
       867  5.096795E-01  4.106044E-01  1.325584E+00
       868  1.851173E-01 -3.477444E-01  8.781003E-01
       869  4.984930E-01  5.190222E-01 -1.472391E-01
       870  5.750072E-02  7.363712E-02 -1.398332E-01
       871  4.237731E-02  3.337657E-02 -7.084405E-02
       872  1.238491E-02  7.224840E-03 -1.409166E-02
       873  0.000000E+00  0.000000E+00  0.000000E+00
       874  0.000000E+00  0.000000E+00  0.000000E+00
       875  0.000000E+00  0.000000E+00  0.000000E+00
       876  1.138274E-08  1.823176E-09  7.279822E-08
       877  6.777795E-07  1.835346E-06  3.155822E-06
       878 -2.640367E-06  3.144598E-05  2.917003E-05
       879 -3.844819E-05  1.719430E-04  1.609874E-04
       880 -3.753908E-04  6.915586E-04  7.103826E-04
       881 -1.770003E-03  2.008937E-03  1.996836E-03
       882 -6.337012E-03  2.588319E-03  2.196005E-03
       883 -1.197782E-02 -1.035706E-02 -1.924240E-02
       884 -4.281122E-02 -9.531995E-02 -1.579504E-01
       885 -3.141235E-01 -4.859094E-01 -5.578842E-01
       886 -1.693620E+00 -1.449108E+00 -3.066414E-01
       887 -6.245061E+00 -4.036286E+00  5.176035E+00
       888 -1.304985E+01 -8.635072E+00  2.365423E+01
       889  7.999403E+00  1.481177E+00 -1.803165E+01
       890 -5.415314E+00  3.689635E+01 -1.934969E+01
       891 -1.971222E+00 -3.493665E+00 -8.862947E+00
       892 -1.314796E-01 -2.236548E+00  5.263907E+00
       893  2.701141E+00  1.610833E+00 -5.846138E+00
       894  8.771262E-01 -2.045208E+00  2.279057E+00
       895  7.648851E-02 -2.635856E-01 -2.539563E-02
       896  3.142503E-02  8.473976E-02 -1.247040E-01
       897  2.330732E-02  3.182093E-02 -5.703117E-02
       898  1.008585E-02  8.657099E-03 -1.601008E-02
       899  3.126329E-03  1.910656E-03 -3.282011E-03
       900  0.000000E+00  0.000000E+00  0.000000E+00
       901  0.000000E+00  0.000000E+00  0.000000E+00
       902  0.000000E+00  0.000000E+00  0.000000E+00
       903  0.000000E+00  0.000000E+00  0.000000E+00
       904  3.171183E-08  1.133769E-08 -5.459896E-08
       905 -2.430199E-09 -4.987712E-10 -1.158307E-09
       906  3.762819E-08  3.698105E-08  8.009124E-08
      1014 -2.535928E+01  2.759193E+02 -3.132889E+02
      1129 -2.478755E+01 -1.246311E+01  4.161770E+01
      1245 -3.195653E+01 -1.960368E+02  3.497488E+02
      1273 -5.653880E+00  1.441427E+00 -1.214156E+01
      1555 -3.704647E+00  2.703536E+01 -2.084931E+01
      3181  0.000000E+00  0.000000E+00  0.000000E+00
      3215  0.000000E+00  0.000000E+00  0.000000E+00
      3216  0.000000E+00  0.000000E+00  0.000000E+00
      3220  0.000000E+00  0.000000E+00  0.000000E+00
      3221  0.000000E+00  0.000000E+00  0.000000E+00
      3225  4.897235E-03  3.562507E-03 -5.926813E-03
      3226 -4.836422E-02 -2.734957E-02  5.329429E-02
      3230 -6.394582E-02 -6.500406E-02  1.513323E-01
      3231 -1.232984E-01 -9.383721E-02  1.917891E-01
      3235 -1.367511E-01 -1.830589E-01  3.692198E-01
      3236 -1.304554E-01 -2.031856E-01  3.599260E-01
      3240 -6.910739E-01 -1.370785E+00  1.050969E+00
      3241 -3.232440E-01 -8.796759E-01  8.126110E-01
      3245 -7.645338E-01 -2.256271E+00  2.258159E+00
      3250 -9.985908E-01 -5.721681E+00  4.226097E+00
      3269  1.378000E+00  1.097832E+01 -2.197126E+01
      3275  2.922127E+01  5.185349E+01 -6.092636E+01
      3277  1.789372E+01  3.546607E+01 -4.174067E+01
      5644 -8.278540E+01 -6.171128E+01  1.131043E+02
      5645 -3.482844E+01 -1.572354E+01  6.046943E+01
      5649  2.776750E+01 -6.396326E+01  7.167206E+01
      5650 -8.159412E+01 -6.357104E+01  1.039038E+02
      5652  1.747278E+01  7.127860E+01 -1.082655E+02
      5653  3.203976E+01  9.491145E+01 -1.625338E+02
      5654 -1.613604E+01  1.535459E+01 -3.118869E+01
      5655 -1.346485E+01  6.611237E+01 -1.939950E+02
      5656 -9.458190E+00 -1.588712E+00  1.801159E+01
      5657  4.557644E+00  1.402274E+00 -5.412543E+00
      5658 -7.356478E+01 -4.793360E+01  1.836538E+02
      5924  2.439739E+01  1.815188E+02 -3.049369E+02
      5925  1.875018E+01  2.438614E+01 -1.673312E+02
      6030 -2.523057E+01  6.692674E-01 -7.264224E+00
      6031 -3.325215E+01  3.200181E+01 -4.632979E+01
      6032 -5.943362E+01  2.318873E+01  1.758395E+01
      6033  1.807783E+02  4.695630E+01 -2.990162E+02
      6402 -2.431030E+01  1.143828E+01  3.924800E+01
      6688 -1.839156E+02 -3.812494E+02  8.599092E+02
      6869  5.889278E+02  1.066327E+02 -2.112459E+02
      6875 -5.262245E+01 -5.870075E+00  1.609621E+02
      6964 -6.175180E+01 -7.704550E+01  2.443714E+02
     10794 -7.721432E-09  8.107267E-08  6.478054E-08
     10795  5.979925E-09  8.559176E-08  5.140855E-08
     10796 -1.564820E-04 -6.620420E-05  1.332246E-04
     10797 -1.804889E-04 -6.697364E-04  7.570099E-04
     10798 -2.740162E-06 -1.255942E-06 -3.126808E-06
     10799 -8.062444E-03  7.719303E-04  3.435315E-03
     10800 -3.024248E-05 -4.977171E-06 -2.934172E-05
     10801  5.044193E-07  4.049811E-07 -3.497730E-07
     10802 -1.491198E-02 -1.835498E-02 -1.860455E-02
     10803  6.738321E-05 -1.874818E-04 -1.069895E-04
     10804 -1.608325E-01 -1.984061E-01 -9.483195E-03
     10805 -4.383478E-01 -5.618997E-01  3.225986E-03
     10806 -7.588865E-01 -6.441686E-01  7.630671E-01
     10807  3.646659E-07 -7.286387E-07 -8.770949E-08
     10808 -4.195747E+00 -5.029568E-01  1.761464E+00
     10809  6.371977E-04 -1.664427E-04  3.678724E-05
     10810  5.696752E-03 -8.212063E-03 -4.005430E-03
     10811  6.537131E-02  6.484531E-03 -3.352175E-03
     10812 -4.785194E-06 -4.552278E-06 -2.216592E-07
     10813  7.070555E-04 -5.777174E-04 -2.905299E-04
     10814 -1.275970E-04  1.493610E-05  5.019827E-05
     10815 -1.371975E-06  4.748479E-08  1.605730E-07
     10816 -1.052907E-06  2.215545E-07  1.696661E-07
     10817  3.334846E-04  1.429364E-04 -6.344716E-05
     10818  4.948383E-05  2.655771E-05 -5.583174E-05
     10819 -1.881547E-04  6.277353E-04  4.630111E-04
     10820  7.020305E-06 -1.056043E-06 -7.400576E-06
     10821 -1.569897E-03 -4.005329E-05  3.490991E-03
     10822  4.218233E-06 -1.518497E-05  3.266646E-06
     10823  3.289041E-01  8.205720E-01  1.320860E-01
     10824 -2.800626E+01  3.175852E+00  1.302471E+01
     10825  1.690069E-01  1.819505E-01  1.567329E-02
     10826 -1.251983E-02 -1.239110E-02  9.882644E-03
     10827 -6.246534E-07 -6.514653E-08 -7.176076E-07
     10828  2.713789E-06 -5.241585E-05 -3.024717E-05
     10829  9.281777E-08  5.442259E-07  6.461347E-07
     10830  4.260253E-09  1.329864E-07  1.294656E-07
     10831  1.930444E-08  8.490998E-08  1.425407E-08
     10832 -1.244767E-07  4.609736E-07  3.106552E-07
     10833 -1.625722E-06  2.373669E-06  1.739893E-06
     10834  1.745487E-08  6.688993E-09  3.192384E-08
     10835 -9.280422E-04  3.253902E-04  8.383967E-04
     10836 -1.420626E-03  5.226136E-04  1.149716E-03
     10837 -2.694387E-03  9.288436E-04  2.125413E-03
     10838  0.000000E+00  0.000000E+00  0.000000E+00
     10839 -1.182762E-03  4.034252E-04  8.315826E-04
     10840 -3.340921E-06  4.916358E-06  4.211284E-06
     10841 -1.414378E-05  1.161842E-05  1.357978E-05
     10842 -2.068034E-05  1.869303E-05  1.551045E-05
     10843 -1.018934E-05  1.360954E-05  8.934319E-06
     10844 -2.482642E-06  4.514263E-06  3.811770E-06
     10845 -1.255476E-05  1.654346E-05  1.205165E-05
     10846 -2.687293E-05  1.366770E-05  2.574008E-05
     10847 -4.652006E-05  2.693823E-05  3.891680E-05
     10848 -2.041265E-05  1.892787E-05  1.775038E-05
     10849 -8.174401E-05  4.236573E-05  7.261387E-05
     10850 -1.637725E-04  9.160137E-05  1.642580E-04
     10851 -4.465941E-05  3.090672E-05  3.340658E-05
     10852 -1.358439E-04  1.818211E-04  1.247119E-04
     10853 -6.535464E-04  2.997974E-04  5.863669E-04
     10854 -2.363367E-05  5.020996E-05  6.936975E-05
     10855 -2.742136E-04  2.898618E-04  4.120308E-04
     10856 -1.652479E-04  1.290054E-04  1.439575E-04
     10857 -5.644447E-04  3.223004E-04  4.965556E-04
     10858 -1.034907E-05  4.090223E-05  2.448029E-05
     10859 -2.493197E-06  6.643845E-06  4.646289E-06
     10860 -4.383675E-07  1.637946E-08  1.289150E-06
     10861  2.627148E-06 -1.832904E-06 -3.125745E-07
     10862 -3.524251E-06  9.946720E-06  7.806908E-06
     10863 -1.189171E-04  2.199291E-04  1.353686E-04
     10864 -2.549731E-05  7.781388E-05  5.041937E-05
     10865 -3.702102E-05  6.615147E-05  4.348492E-05
     10866 -7.514113E-04  8.507827E-04  5.634890E-04
     10867 -1.980358E-04  3.827302E-04  2.638215E-04
     10868 -2.017138E-04  2.918617E-04  2.050431E-04
     10869 -3.414267E-03  2.682164E-03  2.124718E-03
     10870 -1.133677E-03  1.365237E-03  1.111938E-03
     10871 -1.121415E-03  1.061270E-03  9.395864E-04
     10872 -1.069760E-02  5.886997E-03  5.306806E-03
     10873 -4.571079E-03  3.588515E-03  3.421155E-03
     10874 -5.734435E-03  3.473519E-03  3.642707E-03
     10875 -1.749459E-02  6.971669E-03  3.651557E-03
     10876 -1.251148E-02  5.470372E-03  5.879170E-03
     10877 -1.582148E-02  5.732658E-03  8.195641E-03
     10878 -4.008597E-02 -1.057894E-03 -2.254070E-03
     10879 -1.041949E-01 -6.872330E-02 -4.970716E-02
     10880 -7.321101E-02 -3.634424E-03 -2.994002E-03
     10881 -4.765164E-02 -5.856402E-03  1.022639E-02
     10882 -6.984596E-01 -7.715343E-01  4.659470E-01
     10883 -6.812021E-01 -5.047449E-01  4.503537E-02
     10884 -3.853538E-01 -1.539093E-01  2.160525E-01
     10885 -2.840942E-01 -2.623985E-01  1.203708E-01
     10886 -1.337580E-01 -6.871556E-02  3.387339E-02
     10887 -2.157234E+00 -2.695750E+00  1.942615E+00
     10888 -2.389523E+00 -1.985891E+00  9.769436E-01
     10889 -5.433305E-01 -8.875351E-01  3.471804E-01
     10890 -1.568103E+00 -3.950866E+00  3.102957E+00
     10891 -5.136080E+00 -5.732885E+00  4.264742E+00
     10892 -1.408872E+00 -3.971299E+00  1.948584E+00
     10893  2.235394E-01 -6.688024E+00 -1.559465E+00
     10894 -5.272421E+00 -1.146072E+01  6.845121E+00
     10895 -8.934648E-02 -7.331465E+00  3.816146E+00
     10896  1.692957E+01 -1.130215E+01  6.131638E+00
     10897  8.662996E+00  3.051185E+00 -4.517545E-01
     10898 -5.679703E-01 -7.414340E+00  5.893774E+00
     10899 -1.045192E+00  4.521274E+00 -1.452842E+00
     10900  2.210569E+00 -1.686197E+01  3.761180E+00
     10901  6.770600E+00  1.081702E+00 -1.404545E+00
     10902  3.940705E+00 -4.838912E-01 -2.498809E+00
     10903  2.227442E-01 -4.518602E+00  2.001176E+00
     10904  1.057034E+00 -2.130004E+00 -3.638823E-02
     10905 -7.180294E-01 -3.173939E+00  7.801033E-01
     10906 -4.031004E-01 -7.779659E-01  1.963794E-01
     10907 -1.503486E+00 -2.796498E+00  2.236334E+00
     10908  2.969324E-01  1.978109E-03  5.355816E-02
     10909 -6.798082E-01 -9.357214E-01  9.061384E-01
     10910 -8.559211E-02 -5.790033E-01  4.953499E-01
     10911 -2.804983E-02 -3.858766E-02  7.642952E-02
     10912 -3.618777E-01 -2.098646E-01  6.752176E-01
     10913 -4.474441E-01 -5.116259E-01  2.643705E-01
     10914 -5.329728E-01 -6.099400E-01  4.119264E-01
     10915 -2.710406E-01 -2.149380E-01  2.340640E-01
     10916  1.523703E-02  9.577490E-03 -2.095102E-02
     10917  4.642649E-03  2.291989E-03 -4.088300E-03
     10918 -1.465819E-02 -1.145136E-02  3.275858E-02
     10919  1.445056E-02  8.882269E-03 -1.956833E-02
     10920 -1.131355E-01 -5.233798E-02  8.244987E-02
     10921 -2.625292E-01 -1.351327E-01  1.996415E-01
     10922  0.000000E+00  0.000000E+00  0.000000E+00
     10923  6.096933E-03  3.055313E-03 -7.643681E-03
     10924  5.759595E-03  2.807725E-03 -5.051102E-03
     10925 -5.504541E-02 -7.541745E-03  4.022829E-02
     10926 -6.909304E-02  3.513374E-03  6.342851E-02
     10927  0.000000E+00  0.000000E+00  0.000000E+00
     10928  0.000000E+00  0.000000E+00  0.000000E+00
     10929  0.000000E+00  0.000000E+00  0.000000E+00
     10930 -1.900833E-02  3.816711E-03  1.270884E-02
     10931  0.000000E+00  0.000000E+00  0.000000E+00
     10932 -8.127992E-03  2.739896E-03  5.857087E-03
     10933 -4.212604E-03  1.071418E-03  2.683489E-03
     10934  2.405721E-07  8.663186E-07  1.156536E-06
     10935 -6.627982E-04  4.188981E-04  5.141416E-04
     10936 -6.663909E-04  4.850512E-04  3.784294E-04
     10937 -8.686407E-04  8.118304E-04  7.197710E-04
     10938 -9.982507E-04  5.314976E-04  5.447270E-04
     10939 -1.381269E-03  7.262523E-04  7.692031E-04
     10940 -1.656467E-03  1.001414E-03  8.720842E-04
     10941 -3.186022E-03  1.653881E-03  1.848375E-03
     10942 -2.096024E-02  4.025052E-03  1.185230E-02
     10943 -1.173832E-02  2.590204E-03  7.319330E-03
     10944 -1.907856E-02  5.002679E-03  1.070947E-02
     10945 -3.621153E-02  1.519940E-05  1.510018E-02
     10946 -1.080801E-02  3.075616E-03  5.068860E-03
     10947 -1.106832E-02  3.535147E-03  6.196204E-03
     10948 -5.325279E-05  5.531121E-05  4.479562E-05
     10949 -5.688485E-05  6.755251E-05  5.530233E-05
     10950 -1.205365E-04  1.265099E-04  8.473133E-05
     10951 -3.140306E-05  2.744512E-05  2.067009E-05
     10952 -1.845465E-05  1.990060E-05  1.932824E-05
     10953 -1.944897E-05  2.640214E-05  1.615218E-05
     10954 -3.164840E-05  4.958916E-05  2.961458E-05
     10955 -4.574384E-02 -2.942834E-03  1.810864E-02
     10956 -5.745804E-02 -4.924529E-03  3.173072E-02
     10957 -1.039086E-01 -4.265460E-02  3.426474E-02
     10958 -3.073992E-04  3.086386E-04  2.474376E-04
     10959 -1.689394E-04  2.069448E-04  1.521074E-04
     10960 -8.774770E-03  3.594473E-03  4.922473E-03
     10961 -4.300029E-03  2.584148E-03  2.824753E-03
     11110 -5.677633E+01 -2.372059E+01  2.344494E+01
     11249  3.494379E+00  1.611128E+01 -1.416491E+01
     14467 -1.864708E+00 -2.200679E+00  8.129806E-01
     14547 -1.720241E-01 -6.839276E-02  1.238479E-01
     14550 -1.015107E+00 -7.937678E-01  4.172507E-01
     14557 -2.075416E-01 -5.403910E-02  9.512308E-02
     14585 -4.188422E-01 -4.111675E-01  3.858114E-01
     14586 -4.923098E-01 -2.105341E-01  2.031198E-01
     14623 -5.584553E-02  1.248903E-03  4.014064E-02
     14624 -8.736670E-02 -4.103079E-03  7.116051E-02
     14632 -8.742846E-03  2.760707E-03  4.795828E-03
     14640 -2.111012E-01 -1.225098E-01  1.202281E-01
     14643 -2.407322E-02  4.003608E-03  1.390465E-02
     14644 -2.779320E-08 -6.605277E-08  1.265784E-07
     14648 -1.480891E-03  7.798629E-04  3.338416E-04
     14650 -3.372336E-02 -2.814368E-03  2.430216E-02
     14651 -1.992669E-03  7.538000E-04  3.750013E-04
     14660 -1.200710E-02  9.980921E-04  8.456802E-03
     14662 -5.819043E-07  2.381255E-06  2.538827E-07
     14680 -4.432359E-08  1.106551E-08  7.159905E-08
     14699 -1.482853E-05  5.065888E-05  4.136743E-06
     14700 -2.157084E-06  1.576844E-05  4.383550E-06
     14701  9.763175E-07  1.320479E-07 -5.537234E-08
     14712 -2.047192E-06  6.982198E-06  2.520563E-06
     14713  5.654512E-08  4.734674E-07  7.476369E-08
     14714  6.922157E-08  7.075837E-08  7.544820E-08
     14718 -1.531795E-07  1.143473E-06 -1.461079E-07
     14721 -1.157543E-07  3.043392E-06 -5.158344E-08
     14748 -5.593422E-03  1.354071E-03  3.631971E-03

 total force (fx,fy,fz) for set NBOT and time  0.1500000E+02

        7.250484E+00  2.542322E+00  3.397365E+02

                                INCREMENT    20


 forces (fx,fy,fz) for set NBOT and time  0.2000000E+02

         1  1.031013E-08 -1.601809E-08 -4.707671E-08
         2  3.544418E-09 -5.566387E-08 -2.083741E-08
         3 -2.323098E-04 -3.610367E-04  5.516185E-04
         9  9.005066E-10  4.354414E-08  6.728406E-08
        11  4.625038E-09  1.449686E-07 -1.435892E-08
        12  1.771566E-07 -1.931155E-07 -1.661109E-07
        13  8.054120E-07 -1.890752E-06 -5.035705E-07
        14  6.770159E-07 -3.410019E-06  1.093631E-06
        15 -9.959039E-08 -8.201020E-06  6.770774E-06
        16 -1.619852E-05 -2.316490E-05  6.435052E-05
        17 -8.010539E-05 -9.967249E-05  1.351875E-04
        18 -1.119518E-07  1.966653E-07  3.486463E-07
        19 -1.504780E-06  8.455139E-07  2.634263E-06
        20 -9.003486E-06  4.955044E-06  1.183148E-05
        21 -2.281291E-05  6.888728E-06  3.172426E-05
        22 -8.545015E-05  9.974265E-06  9.680081E-05
        23 -2.079542E-04  1.183196E-04  3.739872E-04
        24 -1.025718E-03 -1.618955E-05  1.233387E-03
        25 -9.407725E-04 -1.583502E-03  2.136255E-03
        26 -2.829103E-03 -5.227144E-03  4.853647E-03
        27 -4.584638E-03 -1.455708E-02  1.308578E-02
       407 -3.360943E-03 -3.287620E-04  3.854326E-03
       408 -1.222043E-02 -2.892237E-03  1.150532E-02
       409 -3.383746E-02 -1.617913E-02  3.110802E-02
       410 -1.069718E-01 -7.226872E-02  9.418345E-02
       849 -2.008499E-08 -1.979047E-07 -2.354455E-07
       850  7.675781E-06 -1.197890E-05 -4.691467E-06
       851  5.279294E-05 -3.604959E-05 -9.762048E-06
       852  2.660971E-04 -6.233039E-05 -7.471927E-06
       853  8.071344E-04  1.354969E-04  1.276542E-04
       854  1.956172E-03  8.137453E-04  6.949613E-04
       855  3.394964E-04 -1.486805E-03 -1.841231E-03
       856  9.110615E-03 -2.772203E-02 -4.445200E-02
       857  2.471145E-02 -1.166337E-01 -3.285160E-01
       858 -4.143592E-02 -3.316355E-01 -9.285726E-01
       859 -1.023692E+00 -6.765189E-01 -1.021567E+00
       860 -9.346323E+00 -5.530283E+00  4.456553E+00
       861 -4.039505E+00 -2.499571E+00  1.276717E+01
       862  6.165017E+01  4.052786E+01 -4.542532E+01
       863 -2.692218E+01 -7.923962E+01  5.384446E+01
       864 -1.526497E+01 -2.854806E+01  9.430374E+00
       865  8.189156E-01  1.508165E+00 -5.567064E+00
       866  2.710900E+00  4.743468E-01  4.563143E-01
       867  6.782318E-01  5.473150E-01  1.789321E+00
       868  2.483217E-01 -4.659670E-01  1.176620E+00
       869  6.697610E-01  6.948091E-01 -1.975914E-01
       870  7.706430E-02  9.855321E-02 -1.871374E-01
       871  5.676956E-02  4.466765E-02 -9.482057E-02
       872  1.658584E-02  9.672714E-03 -1.886211E-02
       873  0.000000E+00  0.000000E+00  0.000000E+00
       874  0.000000E+00  0.000000E+00  0.000000E+00
       875  0.000000E+00  0.000000E+00  0.000000E+00
       876  1.527941E-08  2.450396E-09  9.771194E-08
       877  9.096523E-07  2.463411E-06  4.235827E-06
       878 -3.545230E-06  4.220227E-05  3.914623E-05
       879 -5.163812E-05  2.307047E-04  2.159627E-04
       880 -5.041990E-04  9.276795E-04  9.528267E-04
       881 -2.378647E-03  2.696966E-03  2.680346E-03
       882 -8.530495E-03  3.506012E-03  2.993959E-03
       883 -1.619621E-02 -1.367748E-02 -2.547799E-02
       884 -5.768879E-02 -1.270033E-01 -2.103891E-01
       885 -4.203881E-01 -6.488426E-01 -7.450112E-01
       886 -2.260743E+00 -1.937709E+00 -4.173920E-01
       887 -8.331241E+00 -5.400368E+00  6.872448E+00
       888 -1.741674E+01 -1.155887E+01  3.149929E+01
       889  1.068006E+01  1.999730E+00 -2.403932E+01
       890 -7.254916E+00  4.912204E+01 -2.569354E+01
       891 -2.662948E+00 -4.751651E+00 -1.166099E+01
       892 -1.724374E-01 -2.959316E+00  6.979415E+00
       893  3.568003E+00  2.058254E+00 -7.653129E+00
       894  1.140854E+00 -2.774984E+00  3.115784E+00
       895  9.996601E-02 -3.528668E-01 -3.370998E-02
       896  4.233659E-02  1.135057E-01 -1.669156E-01
       897  3.125442E-02  4.258803E-02 -7.630173E-02
       898  1.351219E-02  1.158536E-02 -2.142518E-02
       899  4.186908E-03  2.557923E-03 -4.392705E-03
       900  0.000000E+00  0.000000E+00  0.000000E+00
       901  0.000000E+00  0.000000E+00  0.000000E+00
       902  0.000000E+00  0.000000E+00  0.000000E+00
       903  0.000000E+00  0.000000E+00  0.000000E+00
       904  4.256607E-08  1.521867E-08 -7.328860E-08
       905 -3.261974E-09 -6.695844E-10 -1.554896E-09
       906  5.050790E-08  4.963908E-08  1.075058E-07
      1014 -3.399538E+01  3.677884E+02 -4.179286E+02
      1129 -3.297352E+01 -1.666367E+01  5.555331E+01
      1245 -4.177820E+01 -2.622897E+02  4.671796E+02
      1273 -7.630580E+00  1.956329E+00 -1.619637E+01
      1555 -4.978241E+00  3.616419E+01 -2.774266E+01
      3181  0.000000E+00  0.000000E+00  0.000000E+00
      3215  0.000000E+00  0.000000E+00  0.000000E+00
      3216  0.000000E+00  0.000000E+00  0.000000E+00
      3220  0.000000E+00  0.000000E+00  0.000000E+00
      3221  0.000000E+00  0.000000E+00  0.000000E+00
      3225  6.557926E-03  4.769692E-03 -7.934733E-03
      3226 -6.476927E-02 -3.661637E-02  7.133579E-02
      3230 -8.566091E-02 -8.699988E-02  2.025932E-01
      3231 -1.651883E-01 -1.255745E-01  2.566585E-01
      3235 -1.832086E-01 -2.449616E-01  4.941669E-01
      3236 -1.749485E-01 -2.719170E-01  4.815855E-01
      3240 -9.274300E-01 -1.835670E+00  1.407470E+00
      3241 -4.354446E-01 -1.176814E+00  1.087938E+00
      3245 -1.029283E+00 -3.024818E+00  3.026864E+00
      3250 -1.387228E+00 -7.695074E+00  5.682729E+00
      3269  1.808844E+00  1.448974E+01 -2.911611E+01
      3275  3.878620E+01  6.868974E+01 -8.093930E+01
      3277  2.377375E+01  4.701519E+01 -5.539363E+01
      5644 -1.103869E+02 -8.250017E+01  1.508113E+02
      5645 -4.646554E+01 -2.111692E+01  8.051416E+01
      5649  3.689161E+01 -8.546756E+01  9.582857E+01
      5650 -1.088569E+02 -8.519107E+01  1.386101E+02
      5652  2.319716E+01  9.466377E+01 -1.439403E+02
      5653  4.254039E+01  1.259656E+02 -2.160952E+02
      5654 -2.152136E+01  2.016631E+01 -4.119579E+01
      5655 -1.805339E+01  8.784348E+01 -2.581583E+02
      5656 -1.267986E+01 -2.382110E+00  2.432728E+01
      5657  6.010803E+00  1.590845E+00 -6.833862E+00
      5658 -9.806413E+01 -6.448292E+01  2.450249E+02
      5924  3.222973E+01  2.417668E+02 -4.063870E+02
      5925  2.478293E+01  3.236015E+01 -2.226456E+02
      6030 -3.361458E+01  6.588354E-01 -9.309610E+00
      6031 -4.436623E+01  4.224012E+01 -6.113028E+01
      6032 -7.940030E+01  3.046907E+01  2.432181E+01
      6033  2.407445E+02  6.327410E+01 -3.986134E+02
      6402 -3.254212E+01  1.506827E+01  5.263562E+01
      6688 -2.433414E+02 -5.080253E+02  1.144496E+03
      6869  7.862317E+02  1.507498E+02 -2.900553E+02
      6875 -7.000070E+01 -8.405428E+00  2.152543E+02
      6964 -8.218103E+01 -1.033063E+02  3.260230E+02
     10794 -1.036469E-08  1.088233E-07  8.695599E-08
     10795  8.026860E-09  1.148890E-07  6.900495E-08
     10796 -2.102639E-04 -8.920608E-05  1.788213E-04
     10797 -2.445996E-04 -9.002510E-04  1.016628E-03
     10798 -3.678710E-06 -1.685566E-06 -4.197116E-06
     10799 -1.082263E-02  1.035639E-03  4.612537E-03
     10800 -4.058825E-05 -6.676649E-06 -3.938130E-05
     10801  6.770775E-07  5.434206E-07 -4.695696E-07
     10802 -1.998456E-02 -2.451758E-02 -2.465302E-02
     10803  9.108308E-05 -2.515218E-04 -1.437852E-04
     10804 -2.148574E-01 -2.652454E-01 -1.238922E-02
     10805 -5.812932E-01 -7.518123E-01  3.029265E-03
     10806 -1.016150E+00 -8.712798E-01  1.022831E+00
     10807  4.894740E-07 -9.780503E-07 -1.177191E-07
     10808 -5.601524E+00 -6.851932E-01  2.361133E+00
     10809  8.554131E-04 -2.234959E-04  4.936378E-05
     10810  7.643048E-03 -1.100366E-02 -5.362091E-03
     10811  8.762850E-02  8.636202E-03 -4.478353E-03
     10812 -6.423127E-06 -6.110976E-06 -2.999965E-07
     10813  9.496473E-04 -7.738237E-04 -3.879833E-04
     10814 -1.713283E-04  1.969982E-05  6.711929E-05
     10815 -1.841775E-06  6.365129E-08  2.155230E-07
     10816 -1.413297E-06  2.973895E-07  2.277085E-07
     10817  4.479025E-04  1.921071E-04 -8.545515E-05
     10818  6.633609E-05  3.562387E-05 -7.505340E-05
     10819 -2.581475E-04  8.475310E-04  6.200712E-04
     10820  9.428226E-06 -1.416306E-06 -9.932915E-06
     10821 -2.091929E-03 -4.719979E-05  4.648703E-03
     10822  5.661724E-06 -2.038145E-05  4.385114E-06
     10823  4.411920E-01  1.098882E+00  1.772781E-01
     10824 -3.743746E+01  4.183286E+00  1.740029E+01
     10825  2.266238E-01  2.432766E-01  2.072060E-02
     10826 -1.671675E-02 -1.653850E-02  1.320878E-02
     10827 -8.384338E-07 -8.740027E-08 -9.634621E-07
     10828  3.633583E-06 -7.041857E-05 -4.065549E-05
     10829  1.245798E-07  7.304519E-07  8.672497E-07
     10830  5.720346E-09  1.784959E-07  1.737764E-07
     10831  2.591220E-08  1.139736E-07  1.913365E-08
     10832 -1.670785E-07  6.187610E-07  4.169902E-07
     10833 -2.182171E-06  3.186189E-06  2.335432E-06
     10834  2.342941E-08  8.978724E-09  4.285120E-08
     10835 -1.245811E-03  4.365114E-04  1.125584E-03
     10836 -1.907003E-03  7.009940E-04  1.543510E-03
     10837 -3.615858E-03  1.245385E-03  2.852610E-03
     10838  0.000000E+00  0.000000E+00  0.000000E+00
     10839 -1.587717E-03  5.411752E-04  1.116349E-03
     10840 -4.484363E-06  6.599195E-06  5.652735E-06
     10841 -1.898524E-05  1.559603E-05  1.822842E-05
     10842 -2.775998E-05  2.509360E-05  2.082041E-05
     10843 -1.367684E-05  1.826853E-05  1.199252E-05
     10844 -3.332323E-06  6.059442E-06  5.116445E-06
     10845 -1.685142E-05  2.220635E-05  1.617684E-05
     10846 -3.607411E-05  1.834841E-05  3.455349E-05
     10847 -6.245006E-05  3.616304E-05  5.224328E-05
     10848 -2.740026E-05  2.540818E-05  2.382766E-05
     10849 -1.097399E-04  5.687633E-05  9.748562E-05
     10850 -2.198690E-04  1.229636E-04  2.205209E-04
     10851 -5.995167E-05  4.148893E-05  4.484590E-05
     10852 -1.823659E-04  2.440656E-04  1.674427E-04
     10853 -8.773381E-04  4.023508E-04  7.871601E-04
     10854 -3.173309E-05  6.739032E-05  9.312504E-05
     10855 -3.681576E-04  3.890240E-04  5.531354E-04
     10856 -2.218425E-04  1.731625E-04  1.932513E-04
     10857 -7.579285E-04  4.324299E-04  6.665603E-04
     10858 -1.388858E-05  5.489706E-05  3.285536E-05
     10859 -3.346147E-06  8.917052E-06  6.236269E-06
     10860 -5.883602E-07  2.198357E-08  1.730202E-06
     10861  3.526374E-06 -2.460267E-06 -4.195267E-07
     10862 -4.730344E-06  1.335136E-05  1.047932E-05
     10863 -1.596179E-04  2.951595E-04  1.816592E-04
     10864 -3.421895E-05  1.044302E-04  6.766512E-05
     10865 -4.968945E-05  8.878714E-05  5.836287E-05
     10866 -1.008989E-03  1.141731E-03  7.562373E-04
     10867 -2.658683E-04  5.135927E-04  3.539924E-04
     10868 -2.707868E-04  3.916980E-04  2.751872E-04
     10869 -4.587922E-03  3.599766E-03  2.853347E-03
     10870 -1.523270E-03  1.832316E-03  1.492093E-03
     10871 -1.505837E-03  1.424099E-03  1.261250E-03
     10872 -1.439221E-02  7.904983E-03  7.145018E-03
     10873 -6.149183E-03  4.819116E-03  4.594938E-03
     10874 -7.703561E-03  4.661014E-03  4.892993E-03
     10875 -2.363283E-02  9.379292E-03  5.036788E-03
     10876 -1.687185E-02  7.374799E-03  7.948746E-03
     10877 -2.126789E-02  7.703352E-03  1.102889E-02
     10878 -5.395586E-02 -1.307273E-03 -2.746022E-03
     10879 -1.401914E-01 -9.155826E-02 -6.580042E-02
     10880 -9.840419E-02 -4.742855E-03 -3.612439E-03
     10881 -6.407456E-02 -7.709784E-03  1.391447E-02
     10882 -9.366322E-01 -1.030275E+00  6.229373E-01
     10883 -9.114401E-01 -6.738507E-01  6.081337E-02
     10884 -5.167148E-01 -2.052885E-01  2.893796E-01
     10885 -3.811405E-01 -3.503874E-01  1.617689E-01
     10886 -1.793793E-01 -9.164199E-02  4.570557E-02
     10887 -2.886092E+00 -3.602902E+00  2.591870E+00
     10888 -3.192722E+00 -2.650997E+00  1.303808E+00
     10889 -7.291397E-01 -1.185636E+00  4.649764E-01
     10890 -2.104595E+00 -5.284322E+00  4.153741E+00
     10891 -6.862833E+00 -7.655755E+00  5.691818E+00
     10892 -1.893273E+00 -5.301740E+00  2.609221E+00
     10893  2.691211E-01 -8.958967E+00 -2.040270E+00
     10894 -7.055524E+00 -1.531613E+01  9.149136E+00
     10895 -1.436928E-01 -9.803783E+00  5.110475E+00
     10896  2.254077E+01 -1.509435E+01  8.222913E+00
     10897  1.157797E+01  4.100471E+00 -5.857204E-01
     10898 -7.688835E-01 -9.930167E+00  7.887619E+00
     10899 -1.452538E+00  5.835874E+00 -1.782632E+00
     10900  2.922887E+00 -2.246916E+01  5.097364E+00
     10901  9.077000E+00  1.462335E+00 -1.878538E+00
     10902  5.224434E+00 -6.784559E-01 -3.309297E+00
     10903  2.729500E-01 -6.073007E+00  2.678725E+00
     10904  1.378450E+00 -2.864727E+00 -2.677775E-02
     10905 -9.789771E-01 -4.262466E+00  1.056960E+00
     10906 -5.444505E-01 -1.042461E+00  2.678516E-01
     10907 -2.036580E+00 -3.750689E+00  3.009466E+00
     10908  4.006441E-01  1.988773E-03  7.009685E-02
     10909 -9.160081E-01 -1.254522E+00  1.217097E+00
     10910 -1.242811E-01 -7.756583E-01  6.660344E-01
     10911 -3.760693E-02 -5.161673E-02  1.022681E-01
     10912 -4.860363E-01 -2.801415E-01  9.049070E-01
     10913 -6.018560E-01 -6.848443E-01  3.551140E-01
     10914 -7.141172E-01 -8.149371E-01  5.517626E-01
     10915 -3.642198E-01 -2.874690E-01  3.140482E-01
     10916  2.041288E-02  1.281723E-02 -2.803788E-02
     10917  6.217662E-03  3.068703E-03 -5.471426E-03
     10918 -1.964588E-02 -1.532119E-02  4.385128E-02
     10919  1.935929E-02  1.188667E-02 -2.618763E-02
     10920 -1.515983E-01 -7.009292E-02  1.104635E-01
     10921 -3.520766E-01 -1.803538E-01  2.677141E-01
     10922  0.000000E+00  0.000000E+00  0.000000E+00
     10923  8.164908E-03  4.090475E-03 -1.023170E-02
     10924  7.713524E-03  3.759214E-03 -6.759979E-03
     10925 -7.380505E-02 -1.009936E-02  5.392997E-02
     10926 -9.266103E-02  4.796929E-03  8.504352E-02
     10927  0.000000E+00  0.000000E+00  0.000000E+00
     10928  0.000000E+00  0.000000E+00  0.000000E+00
     10929  0.000000E+00  0.000000E+00  0.000000E+00
     10930 -2.549516E-02  5.114178E-03  1.703990E-02
     10931  0.000000E+00  0.000000E+00  0.000000E+00
     10932 -1.091022E-02  3.671296E-03  7.858742E-03
     10933 -5.654441E-03  1.435689E-03  3.601451E-03
     10934  3.229197E-07  1.162859E-06  1.552393E-06
     10935 -8.895719E-04  5.622985E-04  6.901701E-04
     10936 -8.947403E-04  6.508582E-04  5.079355E-04
     10937 -1.166662E-03  1.089556E-03  9.661562E-04
     10938 -1.340071E-03  7.128656E-04  7.311351E-04
     10939 -1.854701E-03  9.740347E-04  1.032290E-03
     10940 -2.223917E-03  1.342925E-03  1.170426E-03
     10941 -4.277597E-03  2.217911E-03  2.481137E-03
     10942 -2.812957E-02  5.401385E-03  1.590350E-02
     10943 -1.574438E-02  3.469378E-03  9.817150E-03
     10944 -2.560838E-02  6.704780E-03  1.438001E-02
     10945 -4.858720E-02  5.101419E-05  2.027430E-02
     10946 -1.450935E-02  4.125363E-03  6.802443E-03
     10947 -1.487722E-02  4.745329E-03  8.326134E-03
     10948 -7.148272E-05  7.424503E-05  6.013100E-05
     10949 -7.635523E-05  9.067604E-05  7.423033E-05
     10950 -1.618115E-04  1.698075E-04  1.137355E-04
     10951 -4.215470E-05  3.684141E-05  2.774736E-05
     10952 -2.477130E-05  2.671377E-05  2.594474E-05
     10953 -2.610554E-05  3.543997E-05  2.168077E-05
     10954 -4.247832E-05  6.655960E-05  3.974979E-05
     10955 -6.141248E-02 -3.879931E-03  2.436505E-02
     10956 -7.711965E-02 -6.559690E-03  4.260221E-02
     10957 -1.394042E-01 -5.694147E-02  4.605311E-02
     10958 -4.126756E-04  4.141936E-04  3.321111E-04
     10959 -2.267951E-04  2.777593E-04  2.041662E-04
     10960 -1.177347E-02  4.812396E-03  6.606052E-03
     10961 -5.779068E-03  3.467455E-03  3.792190E-03
     11110 -7.586063E+01 -3.192950E+01  3.135044E+01
     11249  4.459034E+00  2.110856E+01 -1.876153E+01
     14467 -2.512327E+00 -2.947952E+00  1.093307E+00
     14547 -2.305239E-01 -9.151601E-02  1.659082E-01
     14550 -1.361774E+00 -1.062263E+00  5.594894E-01
     14557 -2.782116E-01 -7.228108E-02  1.274589E-01
     14585 -5.614992E-01 -5.501816E-01  5.168202E-01
     14586 -6.602507E-01 -2.814508E-01  2.723254E-01
     14623 -7.485232E-02  1.671007E-03  5.378290E-02
     14624 -1.171057E-01 -5.470666E-03  9.532622E-02
     14632 -1.172981E-02  3.699636E-03  6.433231E-03
     14640 -2.829253E-01 -1.638389E-01  1.610026E-01
     14643 -3.228613E-02  5.361310E-03  1.864424E-02
     14644 -3.730665E-08 -8.866235E-08  1.699040E-07
     14648 -1.988208E-03  1.046679E-03  4.481886E-04
     14650 -4.520764E-02 -3.777423E-03  3.257608E-02
     14651 -2.675288E-03  1.011488E-03  5.035512E-04
     14660 -1.610557E-02  1.334500E-03  1.134367E-02
     14662 -7.810660E-07  3.196322E-06  3.407782E-07
     14680 -5.949126E-08  1.485122E-08  9.610447E-08
     14699 -1.990057E-05  6.799477E-05  5.552176E-06
     14700 -2.895279E-06  2.116612E-05  5.884049E-06
     14701  1.310511E-06  1.772252E-07 -7.429930E-08
     14712 -2.747715E-06  9.372072E-06  3.383269E-06
     14713  7.589984E-08  6.355287E-07  1.003560E-07
     14714  9.291491E-08  9.497878E-08  1.012759E-07
     14718 -2.054245E-07  1.534829E-06 -1.959692E-07
     14721 -1.553692E-07  4.085094E-06 -6.924128E-08
     14748 -7.506778E-03  1.814579E-03  4.874769E-03

 total force (fx,fy,fz) for set NBOT and time  0.2000000E+02

        1.037205E+01  3.382522E+00  4.520225E+02
