#cam_angle[deg]	polar_radius[mm]
0.0000	17.0000000
0.2500	17.0000000
0.5000	17.0000000
0.7500	17.0000000
1.0000	17.0000000
1.2500	17.0000000
1.5000	17.0000000
1.7500	17.0000000
2.0000	17.0000000
2.2500	17.0000000
2.5000	17.0000000
2.7500	17.0000000
3.0000	17.0000000
3.2500	17.0000000
3.5000	17.0000000
3.7500	17.0000000
4.0000	17.0000000
4.2500	17.0000000
4.5000	17.0000000
4.7500	17.0000000
5.0000	17.0000000
5.2500	17.0000000
5.5000	17.0000000
5.7500	17.0000000
6.0000	17.0000000
6.2500	17.0000000
6.5000	17.0000000
6.7500	17.0000000
7.0000	17.0000000
7.2500	17.0000000
7.5000	17.0000000
7.7500	17.0000000
8.0000	17.0000000
8.2500	17.0000000
8.5000	17.0000000
8.7500	17.0000000
9.0000	17.0000000
9.2500	17.0000000
9.5000	17.0000000
9.7500	17.0000000
10.0000	17.0000000
10.2500	17.0000000
10.5000	17.0000000
10.7500	17.0000000
11.0000	17.0000000
11.2500	17.0000000
11.5000	17.0000000
11.7500	17.0000000
12.0000	17.0000000
12.2500	17.0000000
12.5000	17.0000000
12.7500	17.0000000
13.0000	17.0000000
13.2500	17.0000000
13.5000	17.0000000
13.7500	17.0000000
14.0000	17.0000000
14.2500	17.0000000
14.5000	17.0000000
14.7500	17.0000000
15.0000	17.0000000
15.2500	17.0000000
15.5000	17.0000000
15.7500	17.0000000
16.0000	17.0000000
16.2500	17.0000000
16.5000	17.0000000
16.7500	17.0000000
17.0000	17.0000000
17.2500	17.0000000
17.5000	17.0000000
17.7500	17.0000000
18.0000	17.0000000
18.2500	17.0000000
18.5000	17.0000000
18.7500	17.0000000
19.0000	17.0000000
19.2500	17.0000000
19.5000	17.0000000
19.7500	17.0000000
20.0000	17.0000000
20.2500	17.0000000
20.5000	17.0000000
20.7500	17.0000000
21.0000	17.0000000
21.2500	17.0000020
21.5000	17.0000080
21.7500	17.0000200
22.0000	17.0000400
22.2500	17.0000730
22.5000	17.0001200
22.7500	17.0001860
23.0000	17.0002720
23.2500	17.0003810
23.5000	17.0005160
23.7500	17.0006810
24.0000	17.0008770
24.2500	17.0011080
24.5000	17.0013760
24.7500	17.0016840
25.0000	17.0020340
25.2500	17.0024300
25.5000	17.0028730
25.7500	17.0033670
26.0000	17.0039140
26.2500	17.0045170
26.5000	17.0051770
26.7500	17.0058980
27.0000	17.0066820
27.2500	17.0075310
27.5000	17.0084480
27.7500	17.0094410
28.0000	17.0105080
28.2500	17.0116510
28.5000	17.0128720
28.7500	17.0141740
29.0000	17.0155580
29.2500	17.0170280
29.5000	17.0185850
29.7500	17.0202320
30.0000	17.0219700
30.2500	17.0238030
30.5000	17.0257360
30.7500	17.0277770
31.0000	17.0299190
31.2500	17.0321660
31.5000	17.0345180
31.7500	17.0369780
32.0000	17.0395490
32.2500	17.0422310
32.5000	17.0450280
32.7500	17.0479510
33.0000	17.0510070
33.2500	17.0541880
33.5000	17.0575020
33.7500	17.0609550
34.0000	17.0645530
34.2500	17.0683050
34.5000	17.0722480
34.7500	17.0763910
35.0000	17.0807230
35.2500	17.0852510
35.5000	17.0899780
35.7500	17.0950020
36.0000	17.1002690
36.2500	17.1057650
36.5000	17.1114960
36.7500	17.1176180
37.0000	17.1239910
37.2500	17.1305560
37.5000	17.1375460
37.7500	17.1448670
38.0000	17.1525080
38.2500	17.1604900
38.5000	17.1688250
38.7500	17.1775160
39.0000	17.1865710
39.2500	17.1959970
39.5000	17.2057970
39.7500	17.2159790
40.0000	17.2265460
40.2500	17.2375000
40.5000	17.2488480
40.7500	17.2605910
41.0000	17.2727320
41.2500	17.2852760
41.5000	17.2982240
41.7500	17.3115810
42.0000	17.3253490
42.2500	17.3395310
42.5000	17.3541320
42.7500	17.3691540
43.0000	17.3845990
43.2500	17.4004730
43.5000	17.4167780
43.7500	17.4335180
44.0000	17.4506960
44.2500	17.4683140
44.5000	17.4863790
44.7500	17.5048910
45.0000	17.5238540
45.2500	17.5432740
45.5000	17.5631520
45.7500	17.5834920
46.0000	17.6042980
46.2500	17.6255730
46.5000	17.6473210
46.7500	17.6695450
47.0000	17.6922490
47.2500	17.7154350
47.5000	17.7391080
47.7500	17.7632700
48.0000	17.7879260
48.2500	17.8130780
48.5000	17.8387290
48.7500	17.8648830
49.0000	17.8915430
49.2500	17.9187110
49.5000	17.9463910
49.7500	17.9745860
50.0000	18.0032970
50.2500	18.0325260
50.5000	18.0622760
50.7500	18.0925450
51.0000	18.1233340
51.2500	18.1546410
51.5000	18.1864650
51.7500	18.2188020
52.0000	18.2516470
52.2500	18.2849950
52.5000	18.3188420
52.7500	18.3531770
53.0000	18.3879920
53.2500	18.4232780
53.5000	18.4590240
53.7500	18.4952170
54.0000	18.5318440
54.2500	18.5688910
54.5000	18.6063430
54.7500	18.6441590
55.0000	18.6824480
55.2500	18.7210220
55.5000	18.7599280
55.7500	18.7991520
56.0000	18.8386810
56.2500	18.8785010
56.5000	18.9185970
56.7500	18.9589530
57.0000	18.9995600
57.2500	19.0403850
57.5000	19.0814080
57.7500	19.1226080
58.0000	19.1639630
58.2500	19.2054510
58.5000	19.2470490
58.7500	19.2887350
59.0000	19.3304790
59.2500	19.3722540
59.5000	19.4140330
59.7500	19.4557880
60.0000	19.4974930
60.2500	19.5391260
60.5000	19.5806670
60.7500	19.6220860
61.0000	19.6633700
61.2500	19.7045080
61.5000	19.7454850
61.7500	19.7862860
62.0000	19.8268750
62.2500	19.8672500
62.5000	19.9074060
62.7500	19.9473320
63.0000	19.9869920
63.2500	20.0263790
63.5000	20.0655000
63.7500	20.1043450
64.0000	20.1428620
64.2500	20.1810730
64.5000	20.2189780
64.7500	20.2565490
65.0000	20.2937550
65.2500	20.3306280
65.5000	20.3671600
65.7500	20.4032770
66.0000	20.4390390
66.2500	20.4744400
66.5000	20.5094120
66.7500	20.5439990
67.0000	20.5782080
67.2500	20.6119780
67.5000	20.6453400
67.7500	20.6783120
68.0000	20.7108350
68.2500	20.7429360
68.5000	20.7746370
68.7500	20.8058820
69.0000	20.8366950
69.2500	20.8671020
69.5000	20.8970490
69.7500	20.9265570
70.0000	20.9556550
70.2500	20.9842910
70.5000	21.0124850
70.7500	21.0402660
71.0000	21.0675880
71.2500	21.0944630
71.5000	21.1209250
71.7500	21.1469360
72.0000	21.1724930
72.2500	21.1976380
72.5000	21.2223430
72.7500	21.2465870
73.0000	21.2704210
73.2500	21.2938300
73.5000	21.3167680
73.7500	21.3392980
74.0000	21.3614220
74.2500	21.3830640
74.5000	21.4043000
74.7500	21.4251320
75.0000	21.4455060
75.2500	21.4654580
75.5000	21.4850080
75.7500	21.5041290
76.0000	21.5228060
76.2500	21.5410840
76.5000	21.5589640
76.7500	21.5763750
77.0000	21.5933900
77.2500	21.6100090
77.5000	21.6261920
77.7500	21.6419500
78.0000	21.6573150
78.2500	21.6722780
78.5000	21.6867860
78.7500	21.7009010
79.0000	21.7146240
79.2500	21.7279130
79.5000	21.7407820
79.7500	21.7532610
80.0000	21.7653460
80.2500	21.7769720
80.5000	21.7882090
80.7500	21.7990560
81.0000	21.8094800
81.2500	21.8194760
81.5000	21.8290840
81.7500	21.8383010
82.0000	21.8470690
82.2500	21.8554380
82.5000	21.8634170
82.7500	21.8709900
83.0000	21.8781210
83.2500	21.8848630
83.5000	21.8912150
83.7500	21.8971360
84.0000	21.9026400
84.2500	21.9077540
84.5000	21.9124790
84.7500	21.9167480
85.0000	21.9206250
85.2500	21.9241120
85.5000	21.9271870
85.7500	21.9298260
86.0000	21.9320740
86.2500	21.9339330
86.5000	21.9353560
86.7500	21.9363650
87.0000	21.9369850
87.2500	21.9372140
87.5000	21.9369850
87.7500	21.9363680
88.0000	21.9353630
88.2500	21.9339480
88.5000	21.9321010
88.7500	21.9298690
89.0000	21.9272510
89.2500	21.9242070
89.5000	21.9207540
89.7500	21.9169180
90.0000	21.9126990
90.2500	21.9080400
90.5000	21.9029920
90.7500	21.8975640
91.0000	21.8917460
91.2500	21.8854930
91.5000	21.8788620
91.7500	21.8718540
92.0000	21.8644410
92.2500	21.8566130
92.5000	21.8484100
92.7500	21.8398310
93.0000	21.8308360
93.2500	21.8214440
93.5000	21.8116780
93.7500	21.8015400
94.0000	21.7909730
94.2500	21.7800270
94.5000	21.7687110
94.7500	21.7570180
95.0000	21.7448970
95.2500	21.7324080
95.5000	21.7195510
95.7500	21.7063060
96.0000	21.6926510
96.2500	21.6786300
96.5000	21.6642430
96.7500	21.6494570
97.0000	21.6342790
97.2500	21.6187370
97.5000	21.6028330
97.7500	21.5865180
98.0000	21.5698280
98.2500	21.5527770
98.5000	21.5353670
98.7500	21.5175350
99.0000	21.4993460
99.2500	21.4807990
99.5000	21.4618810
99.7500	21.4425600
100.0000	21.4228840
100.2500	21.4028550
100.5000	21.3824420
100.7500	21.3616450
101.0000	21.3404970
101.2500	21.3189990
101.5000	21.2971060
101.7500	21.2748500
102.0000	21.2522460
102.2500	21.2292980
102.5000	21.2059460
102.7500	21.1822520
103.0000	21.1582190
103.2500	21.1338350
103.5000	21.1090720
103.7500	21.0839770
104.0000	21.0585530
104.2500	21.0327800
104.5000	21.0066510
104.7500	20.9802030
105.0000	20.9534390
105.2500	20.9263370
105.5000	20.8989010
105.7500	20.8711620
106.0000	20.8431240
106.2500	20.8147670
106.5000	20.7860950
106.7500	20.7571400
107.0000	20.7279040
107.2500	20.6983800
107.5000	20.6685570
107.7500	20.6384720
108.0000	20.6081280
108.2500	20.5775330
108.5000	20.5466590
108.7500	20.5155420
109.0000	20.4841920
109.2500	20.4526160
109.5000	20.4208150
109.7500	20.3887750
110.0000	20.3565310
110.2500	20.3240880
110.5000	20.2914530
110.7500	20.2586340
111.0000	20.2256140
111.2500	20.1924260
111.5000	20.1590760
111.7500	20.1255730
112.0000	20.0919230
112.2500	20.0581330
112.5000	20.0241980
112.7500	19.9901400
113.0000	19.9559680
113.2500	19.9216890
113.5000	19.8873110
113.7500	19.8528410
114.0000	19.8182870
114.2500	19.7836520
114.5000	19.7489510
114.7500	19.7141940
115.0000	19.6793880
115.2500	19.6445430
115.5000	19.6096690
115.7500	19.5747740
116.0000	19.5398670
116.2500	19.5049590
116.5000	19.4700600
116.7500	19.4351810
117.0000	19.4003330
117.2500	19.3655270
117.5000	19.3307750
117.7500	19.2960870
118.0000	19.2614750
118.2500	19.2269490
118.5000	19.1925190
118.7500	19.1581960
119.0000	19.1239890
119.2500	19.0899080
119.5000	19.0559610
119.7500	19.0221570
120.0000	18.9885060
120.2500	18.9550140
120.5000	18.9216910
120.7500	18.8885530
121.0000	18.8556020
121.2500	18.8228450
121.5000	18.7902870
121.7500	18.7579360
122.0000	18.7257980
122.2500	18.6938800
122.5000	18.6621870
122.7500	18.6307260
123.0000	18.5995020
123.2500	18.5685220
123.5000	18.5378270
123.7500	18.5074020
124.0000	18.4772430
124.2500	18.4473560
124.5000	18.4177430
124.7500	18.3884100
125.0000	18.3593780
125.2500	18.3306970
125.5000	18.3023140
125.7500	18.2742290
126.0000	18.2464440
126.2500	18.2189650
126.5000	18.1918980
126.7500	18.1651420
127.0000	18.1386960
127.2500	18.1125060
127.5000	18.0867690
127.7500	18.0613590
128.0000	18.0362920
128.2500	18.0115730
128.5000	17.9872040
128.7500	17.9631860
129.0000	17.9395200
129.2500	17.9162060
129.5000	17.8932450
129.7500	17.8706370
130.0000	17.8483820
130.2500	17.8264820
130.5000	17.8049340
130.7500	17.7837410
131.0000	17.7629000
131.2500	17.7424120
131.5000	17.7222760
131.7500	17.7024920
132.0000	17.6830580
132.2500	17.6639750
132.5000	17.6452410
132.7500	17.6268540
133.0000	17.6088150
133.2500	17.5911220
133.5000	17.5737730
133.7500	17.5567680
134.0000	17.5401050
134.2500	17.5237820
134.5000	17.5077980
134.7500	17.4921520
135.0000	17.4768420
135.2500	17.4618670
135.5000	17.4472240
135.7500	17.4329130
136.0000	17.4189300
136.2500	17.4052750
136.5000	17.3919470
136.7500	17.3789420
137.0000	17.3662600
137.2500	17.3538980
137.5000	17.3418550
137.7500	17.3301290
138.0000	17.3187120
138.2500	17.3075860
138.5000	17.2969040
138.7500	17.2864070
139.0000	17.2761740
139.2500	17.2663540
139.5000	17.2567840
139.7500	17.2474630
140.0000	17.2384700
140.2500	17.2297930
140.5000	17.2213580
140.7500	17.2131640
141.0000	17.2053170
141.2500	17.1977250
141.5000	17.1903620
141.7500	17.1832290
142.0000	17.1764180
142.2500	17.1698330
142.5000	17.1634630
142.7500	17.1573060
143.0000	17.1514060
143.2500	17.1457340
143.5000	17.1402560
143.7500	17.1349680
144.0000	17.1298660
144.2500	17.1249770
144.5000	17.1202730
144.7500	17.1157310
145.0000	17.1113460
145.2500	17.1071120
145.5000	17.1030220
145.7500	17.0990800
146.0000	17.0952790
146.2500	17.0915990
146.5000	17.0880320
146.7500	17.0845740
147.0000	17.0812190
147.2500	17.0779610
147.5000	17.0747960
147.7500	17.0717190
148.0000	17.0687280
148.2500	17.0658270
148.5000	17.0630060
148.7500	17.0602650
149.0000	17.0576020
149.2500	17.0550160
149.5000	17.0525060
149.7500	17.0500710
150.0000	17.0477100
150.2500	17.0454220
150.5000	17.0432060
150.7500	17.0410610
151.0000	17.0389860
151.2500	17.0369800
151.5000	17.0350460
151.7500	17.0331800
152.0000	17.0313800
152.2500	17.0296440
152.5000	17.0279720
152.7500	17.0263630
153.0000	17.0248150
153.2500	17.0233270
153.5000	17.0218990
153.7500	17.0205280
154.0000	17.0192150
154.2500	17.0179580
154.5000	17.0167560
154.7500	17.0156080
155.0000	17.0145120
155.2500	17.0134680
155.5000	17.0124740
155.7500	17.0115330
156.0000	17.0106390
156.2500	17.0097910
156.5000	17.0089890
156.7500	17.0082320
157.0000	17.0075180
157.2500	17.0068460
157.5000	17.0062140
157.7500	17.0056230
158.0000	17.0050690
158.2500	17.0045530
158.5000	17.0040730
158.7500	17.0036270
159.0000	17.0032150
159.2500	17.0028350
159.5000	17.0024860
159.7500	17.0021670
160.0000	17.0018760
160.2500	17.0016120
160.5000	17.0013740
160.7500	17.0011610
161.0000	17.0009710
161.2500	17.0008030
161.5000	17.0006550
161.7500	17.0005270
162.0000	17.0004170
162.2500	17.0003230
162.5000	17.0002450
162.7500	17.0001800
163.0000	17.0001290
163.2500	17.0000880
163.5000	17.0000570
163.7500	17.0000340
164.0000	17.0000190
164.2500	17.0000090
164.5000	17.0000040
164.7500	17.0000010
165.0000	17.0000000
165.2500	17.0000000
165.5000	17.0000000
165.7500	17.0000000
166.0000	17.0000000
166.2500	17.0000000
166.5000	17.0000000
166.7500	17.0000000
167.0000	17.0000000
167.2500	17.0000000
167.5000	17.0000000
167.7500	17.0000000
168.0000	17.0000000
168.2500	17.0000000
168.5000	17.0000000
168.7500	17.0000000
169.0000	17.0000000
169.2500	17.0000000
169.5000	17.0000000
169.7500	17.0000000
170.0000	17.0000000
170.2500	17.0000000
170.5000	17.0000000
170.7500	17.0000000
171.0000	17.0000000
171.2500	17.0000000
171.5000	17.0000000
171.7500	17.0000000
172.0000	17.0000000
172.2500	17.0000000
172.5000	17.0000000
172.7500	17.0000000
173.0000	17.0000000
173.2500	17.0000000
173.5000	17.0000000
173.7500	17.0000000
174.0000	17.0000000
174.2500	17.0000000
174.5000	17.0000000
174.7500	17.0000000
175.0000	17.0000000
175.2500	17.0000000
175.5000	17.0000000
175.7500	17.0000000
176.0000	17.0000000
176.2500	17.0000000
176.5000	17.0000000
176.7500	17.0000000
177.0000	17.0000000
177.2500	17.0000000
177.5000	17.0000000
177.7500	17.0000000
178.0000	17.0000000
178.2500	17.0000000
178.5000	17.0000000
178.7500	17.0000000
179.0000	17.0000000
179.2500	17.0000000
179.5000	17.0000000
179.7500	17.0000000
180.0000	17.0000000
180.2500	17.0000000
180.5000	17.0000000
180.7500	17.0000000
181.0000	17.0000000
181.2500	17.0000000
181.5000	17.0000000
181.7500	17.0000000
182.0000	17.0000000
182.2500	17.0000000
182.5000	17.0000000
182.7500	17.0000000
183.0000	17.0000000
183.2500	17.0000000
183.5000	17.0000000
183.7500	17.0000000
184.0000	17.0000000
184.2500	17.0000000
184.5000	17.0000000
184.7500	17.0000000
185.0000	17.0000000
185.2500	17.0000000
185.5000	17.0000000
185.7500	17.0000000
186.0000	17.0000000
186.2500	17.0000000
186.5000	17.0000000
186.7500	17.0000000
187.0000	17.0000000
187.2500	17.0000000
187.5000	17.0000000
187.7500	17.0000000
188.0000	17.0000000
188.2500	17.0000000
188.5000	17.0000000
188.7500	17.0000000
189.0000	17.0000000
189.2500	17.0000000
189.5000	17.0000000
189.7500	17.0000000
190.0000	17.0000000
190.2500	17.0000000
190.5000	17.0000000
190.7500	17.0000000
191.0000	17.0000000
191.2500	17.0000000
191.5000	17.0000000
191.7500	17.0000000
192.0000	17.0000000
192.2500	17.0000000
192.5000	17.0000000
192.7500	17.0000000
193.0000	17.0000000
193.2500	17.0000000
193.5000	17.0000000
193.7500	17.0000000
194.0000	17.0000000
194.2500	17.0000000
194.5000	17.0000000
194.7500	17.0000000
195.0000	17.0000000
195.2500	17.0000000
195.5000	17.0000000
195.7500	17.0000000
196.0000	17.0000000
196.2500	17.0000000
196.5000	17.0000000
196.7500	17.0000000
197.0000	17.0000000
197.2500	17.0000000
197.5000	17.0000000
197.7500	17.0000000
198.0000	17.0000000
198.2500	17.0000000
198.5000	17.0000000
198.7500	17.0000000
199.0000	17.0000000
199.2500	17.0000000
199.5000	17.0000000
199.7500	17.0000000
200.0000	17.0000000
200.2500	17.0000000
200.5000	17.0000000
200.7500	17.0000000
201.0000	17.0000000
201.2500	17.0000000
201.5000	17.0000000
201.7500	17.0000000
202.0000	17.0000000
202.2500	17.0000000
202.5000	17.0000000
202.7500	17.0000000
203.0000	17.0000000
203.2500	17.0000000
203.5000	17.0000000
203.7500	17.0000000
204.0000	17.0000000
204.2500	17.0000000
204.5000	17.0000000
204.7500	17.0000000
205.0000	17.0000000
205.2500	17.0000000
205.5000	17.0000000
205.7500	17.0000000
206.0000	17.0000000
206.2500	17.0000000
206.5000	17.0000000
206.7500	17.0000000
207.0000	17.0000000
207.2500	17.0000000
207.5000	17.0000000
207.7500	17.0000000
208.0000	17.0000000
208.2500	17.0000000
208.5000	17.0000000
208.7500	17.0000000
209.0000	17.0000000
209.2500	17.0000000
209.5000	17.0000000
209.7500	17.0000000
210.0000	17.0000000
210.2500	17.0000000
210.5000	17.0000000
210.7500	17.0000000
211.0000	17.0000000
211.2500	17.0000000
211.5000	17.0000000
211.7500	17.0000000
212.0000	17.0000000
212.2500	17.0000000
212.5000	17.0000000
212.7500	17.0000000
213.0000	17.0000000
213.2500	17.0000000
213.5000	17.0000000
213.7500	17.0000000
214.0000	17.0000000
214.2500	17.0000000
214.5000	17.0000000
214.7500	17.0000000
215.0000	17.0000000
215.2500	17.0000000
215.5000	17.0000000
215.7500	17.0000000
216.0000	17.0000000
216.2500	17.0000000
216.5000	17.0000000
216.7500	17.0000000
217.0000	17.0000000
217.2500	17.0000000
217.5000	17.0000000
217.7500	17.0000000
218.0000	17.0000000
218.2500	17.0000000
218.5000	17.0000000
218.7500	17.0000000
219.0000	17.0000000
219.2500	17.0000000
219.5000	17.0000000
219.7500	17.0000000
220.0000	17.0000000
220.2500	17.0000000
220.5000	17.0000000
220.7500	17.0000000
221.0000	17.0000000
221.2500	17.0000000
221.5000	17.0000000
221.7500	17.0000000
222.0000	17.0000000
222.2500	17.0000000
222.5000	17.0000000
222.7500	17.0000000
223.0000	17.0000000
223.2500	17.0000000
223.5000	17.0000000
223.7500	17.0000000
224.0000	17.0000000
224.2500	17.0000000
224.5000	17.0000000
224.7500	17.0000000
225.0000	17.0000000
225.2500	17.0000000
225.5000	17.0000000
225.7500	17.0000000
226.0000	17.0000000
226.2500	17.0000000
226.5000	17.0000000
226.7500	17.0000000
227.0000	17.0000000
227.2500	17.0000000
227.5000	17.0000000
227.7500	17.0000000
228.0000	17.0000000
228.2500	17.0000000
228.5000	17.0000000
228.7500	17.0000000
229.0000	17.0000000
229.2500	17.0000000
229.5000	17.0000000
229.7500	17.0000000
230.0000	17.0000000
230.2500	17.0000000
230.5000	17.0000000
230.7500	17.0000000
231.0000	17.0000000
231.2500	17.0000000
231.5000	17.0000000
231.7500	17.0000000
232.0000	17.0000000
232.2500	17.0000000
232.5000	17.0000000
232.7500	17.0000000
233.0000	17.0000000
233.2500	17.0000000
233.5000	17.0000000
233.7500	17.0000000
234.0000	17.0000000
234.2500	17.0000000
234.5000	17.0000000
234.7500	17.0000000
235.0000	17.0000000
235.2500	17.0000000
235.5000	17.0000000
235.7500	17.0000000
236.0000	17.0000000
236.2500	17.0000000
236.5000	17.0000000
236.7500	17.0000000
237.0000	17.0000000
237.2500	17.0000000
237.5000	17.0000000
237.7500	17.0000000
238.0000	17.0000000
238.2500	17.0000000
238.5000	17.0000000
238.7500	17.0000000
239.0000	17.0000000
239.2500	17.0000000
239.5000	17.0000000
239.7500	17.0000000
240.0000	17.0000000
240.2500	17.0000000
240.5000	17.0000000
240.7500	17.0000000
241.0000	17.0000000
241.2500	17.0000000
241.5000	17.0000000
241.7500	17.0000000
242.0000	17.0000000
242.2500	17.0000000
242.5000	17.0000000
242.7500	17.0000000
243.0000	17.0000000
243.2500	17.0000000
243.5000	17.0000000
243.7500	17.0000000
244.0000	17.0000000
244.2500	17.0000000
244.5000	17.0000000
244.7500	17.0000000
245.0000	17.0000000
245.2500	17.0000000
245.5000	17.0000000
245.7500	17.0000000
246.0000	17.0000000
246.2500	17.0000000
246.5000	17.0000000
246.7500	17.0000000
247.0000	17.0000000
247.2500	17.0000000
247.5000	17.0000000
247.7500	17.0000000
248.0000	17.0000000
248.2500	17.0000000
248.5000	17.0000000
248.7500	17.0000000
249.0000	17.0000000
249.2500	17.0000000
249.5000	17.0000000
249.7500	17.0000000
250.0000	17.0000000
250.2500	17.0000000
250.5000	17.0000000
250.7500	17.0000000
251.0000	17.0000000
251.2500	17.0000000
251.5000	17.0000000
251.7500	17.0000000
252.0000	17.0000000
252.2500	17.0000000
252.5000	17.0000000
252.7500	17.0000000
253.0000	17.0000000
253.2500	17.0000000
253.5000	17.0000000
253.7500	17.0000000
254.0000	17.0000000
254.2500	17.0000000
254.5000	17.0000000
254.7500	17.0000000
255.0000	17.0000000
255.2500	17.0000000
255.5000	17.0000000
255.7500	17.0000000
256.0000	17.0000000
256.2500	17.0000000
256.5000	17.0000000
256.7500	17.0000000
257.0000	17.0000000
257.2500	17.0000000
257.5000	17.0000000
257.7500	17.0000000
258.0000	17.0000000
258.2500	17.0000000
258.5000	17.0000000
258.7500	17.0000000
259.0000	17.0000000
259.2500	17.0000000
259.5000	17.0000000
259.7500	17.0000000
260.0000	17.0000000
260.2500	17.0000000
260.5000	17.0000000
260.7500	17.0000000
261.0000	17.0000000
261.2500	17.0000000
261.5000	17.0000000
261.7500	17.0000000
262.0000	17.0000000
262.2500	17.0000000
262.5000	17.0000000
262.7500	17.0000000
263.0000	17.0000000
263.2500	17.0000000
263.5000	17.0000000
263.7500	17.0000000
264.0000	17.0000000
264.2500	17.0000000
264.5000	17.0000000
264.7500	17.0000000
265.0000	17.0000000
265.2500	17.0000000
265.5000	17.0000000
265.7500	17.0000000
266.0000	17.0000000
266.2500	17.0000000
266.5000	17.0000000
266.7500	17.0000000
267.0000	17.0000000
267.2500	17.0000000
267.5000	17.0000000
267.7500	17.0000000
268.0000	17.0000000
268.2500	17.0000000
268.5000	17.0000000
268.7500	17.0000000
269.0000	17.0000000
269.2500	17.0000000
269.5000	17.0000000
269.7500	17.0000000
270.0000	17.0000000
270.2500	17.0000000
270.5000	17.0000000
270.7500	17.0000000
271.0000	17.0000000
271.2500	17.0000000
271.5000	17.0000000
271.7500	17.0000000
272.0000	17.0000000
272.2500	17.0000000
272.5000	17.0000000
272.7500	17.0000000
273.0000	17.0000000
273.2500	17.0000000
273.5000	17.0000000
273.7500	17.0000000
274.0000	17.0000000
274.2500	17.0000000
274.5000	17.0000000
274.7500	17.0000000
275.0000	17.0000000
275.2500	17.0000000
275.5000	17.0000000
275.7500	17.0000000
276.0000	17.0000000
276.2500	17.0000000
276.5000	17.0000000
276.7500	17.0000000
277.0000	17.0000000
277.2500	17.0000000
277.5000	17.0000000
277.7500	17.0000000
278.0000	17.0000000
278.2500	17.0000000
278.5000	17.0000000
278.7500	17.0000000
279.0000	17.0000000
279.2500	17.0000000
279.5000	17.0000000
279.7500	17.0000000
280.0000	17.0000000
280.2500	17.0000000
280.5000	17.0000000
280.7500	17.0000000
281.0000	17.0000000
281.2500	17.0000000
281.5000	17.0000000
281.7500	17.0000000
282.0000	17.0000000
282.2500	17.0000000
282.5000	17.0000000
282.7500	17.0000000
283.0000	17.0000000
283.2500	17.0000000
283.5000	17.0000000
283.7500	17.0000000
284.0000	17.0000000
284.2500	17.0000000
284.5000	17.0000000
284.7500	17.0000000
285.0000	17.0000000
285.2500	17.0000000
285.5000	17.0000000
285.7500	17.0000000
286.0000	17.0000000
286.2500	17.0000000
286.5000	17.0000000
286.7500	17.0000000
287.0000	17.0000000
287.2500	17.0000000
287.5000	17.0000000
287.7500	17.0000000
288.0000	17.0000000
288.2500	17.0000000
288.5000	17.0000000
288.7500	17.0000000
289.0000	17.0000000
289.2500	17.0000000
289.5000	17.0000000
289.7500	17.0000000
290.0000	17.0000000
290.2500	17.0000000
290.5000	17.0000000
290.7500	17.0000000
291.0000	17.0000000
291.2500	17.0000000
291.5000	17.0000000
291.7500	17.0000000
292.0000	17.0000000
292.2500	17.0000000
292.5000	17.0000000
292.7500	17.0000000
293.0000	17.0000000
293.2500	17.0000000
293.5000	17.0000000
293.7500	17.0000000
294.0000	17.0000000
294.2500	17.0000000
294.5000	17.0000000
294.7500	17.0000000
295.0000	17.0000000
295.2500	17.0000000
295.5000	17.0000000
295.7500	17.0000000
296.0000	17.0000000
296.2500	17.0000000
296.5000	17.0000000
296.7500	17.0000000
297.0000	17.0000000
297.2500	17.0000000
297.5000	17.0000000
297.7500	17.0000000
298.0000	17.0000000
298.2500	17.0000000
298.5000	17.0000000
298.7500	17.0000000
299.0000	17.0000000
299.2500	17.0000000
299.5000	17.0000000
299.7500	17.0000000
300.0000	17.0000000
300.2500	17.0000000
300.5000	17.0000000
300.7500	17.0000000
301.0000	17.0000000
301.2500	17.0000000
301.5000	17.0000000
301.7500	17.0000000
302.0000	17.0000000
302.2500	17.0000000
302.5000	17.0000000
302.7500	17.0000000
303.0000	17.0000000
303.2500	17.0000000
303.5000	17.0000000
303.7500	17.0000000
304.0000	17.0000000
304.2500	17.0000000
304.5000	17.0000000
304.7500	17.0000000
305.0000	17.0000000
305.2500	17.0000000
305.5000	17.0000000
305.7500	17.0000000
306.0000	17.0000000
306.2500	17.0000000
306.5000	17.0000000
306.7500	17.0000000
307.0000	17.0000000
307.2500	17.0000000
307.5000	17.0000000
307.7500	17.0000000
308.0000	17.0000000
308.2500	17.0000000
308.5000	17.0000000
308.7500	17.0000000
309.0000	17.0000000
309.2500	17.0000000
309.5000	17.0000000
309.7500	17.0000000
310.0000	17.0000000
310.2500	17.0000000
310.5000	17.0000000
310.7500	17.0000000
311.0000	17.0000000
311.2500	17.0000000
311.5000	17.0000000
311.7500	17.0000000
312.0000	17.0000000
312.2500	17.0000000
312.5000	17.0000000
312.7500	17.0000000
313.0000	17.0000000
313.2500	17.0000000
313.5000	17.0000000
313.7500	17.0000000
314.0000	17.0000000
314.2500	17.0000000
314.5000	17.0000000
314.7500	17.0000000
315.0000	17.0000000
315.2500	17.0000000
315.5000	17.0000000
315.7500	17.0000000
316.0000	17.0000000
316.2500	17.0000000
316.5000	17.0000000
316.7500	17.0000000
317.0000	17.0000000
317.2500	17.0000000
317.5000	17.0000000
317.7500	17.0000000
318.0000	17.0000000
318.2500	17.0000000
318.5000	17.0000000
318.7500	17.0000000
319.0000	17.0000000
319.2500	17.0000000
319.5000	17.0000000
319.7500	17.0000000
320.0000	17.0000000
320.2500	17.0000000
320.5000	17.0000000
320.7500	17.0000000
321.0000	17.0000000
321.2500	17.0000000
321.5000	17.0000000
321.7500	17.0000000
322.0000	17.0000000
322.2500	17.0000000
322.5000	17.0000000
322.7500	17.0000000
323.0000	17.0000000
323.2500	17.0000000
323.5000	17.0000000
323.7500	17.0000000
324.0000	17.0000000
324.2500	17.0000000
324.5000	17.0000000
324.7500	17.0000000
325.0000	17.0000000
325.2500	17.0000000
325.5000	17.0000000
325.7500	17.0000000
326.0000	17.0000000
326.2500	17.0000000
326.5000	17.0000000
326.7500	17.0000000
327.0000	17.0000000
327.2500	17.0000000
327.5000	17.0000000
327.7500	17.0000000
328.0000	17.0000000
328.2500	17.0000000
328.5000	17.0000000
328.7500	17.0000000
329.0000	17.0000000
329.2500	17.0000000
329.5000	17.0000000
329.7500	17.0000000
330.0000	17.0000000
330.2500	17.0000000
330.5000	17.0000000
330.7500	17.0000000
331.0000	17.0000000
331.2500	17.0000000
331.5000	17.0000000
331.7500	17.0000000
332.0000	17.0000000
332.2500	17.0000000
332.5000	17.0000000
332.7500	17.0000000
333.0000	17.0000000
333.2500	17.0000000
333.5000	17.0000000
333.7500	17.0000000
334.0000	17.0000000
334.2500	17.0000000
334.5000	17.0000000
334.7500	17.0000000
335.0000	17.0000000
335.2500	17.0000000
335.5000	17.0000000
335.7500	17.0000000
336.0000	17.0000000
336.2500	17.0000000
336.5000	17.0000000
336.7500	17.0000000
337.0000	17.0000000
337.2500	17.0000000
337.5000	17.0000000
337.7500	17.0000000
338.0000	17.0000000
338.2500	17.0000000
338.5000	17.0000000
338.7500	17.0000000
339.0000	17.0000000
339.2500	17.0000000
339.5000	17.0000000
339.7500	17.0000000
340.0000	17.0000000
340.2500	17.0000000
340.5000	17.0000000
340.7500	17.0000000
341.0000	17.0000000
341.2500	17.0000000
341.5000	17.0000000
341.7500	17.0000000
342.0000	17.0000000
342.2500	17.0000000
342.5000	17.0000000
342.7500	17.0000000
343.0000	17.0000000
343.2500	17.0000000
343.5000	17.0000000
343.7500	17.0000000
344.0000	17.0000000
344.2500	17.0000000
344.5000	17.0000000
344.7500	17.0000000
345.0000	17.0000000
345.2500	17.0000000
345.5000	17.0000000
345.7500	17.0000000
346.0000	17.0000000
346.2500	17.0000000
346.5000	17.0000000
346.7500	17.0000000
347.0000	17.0000000
347.2500	17.0000000
347.5000	17.0000000
347.7500	17.0000000
348.0000	17.0000000
348.2500	17.0000000
348.5000	17.0000000
348.7500	17.0000000
349.0000	17.0000000
349.2500	17.0000000
349.5000	17.0000000
349.7500	17.0000000
350.0000	17.0000000
350.2500	17.0000000
350.5000	17.0000000
350.7500	17.0000000
351.0000	17.0000000
351.2500	17.0000000
351.5000	17.0000000
351.7500	17.0000000
352.0000	17.0000000
352.2500	17.0000000
352.5000	17.0000000
352.7500	17.0000000
353.0000	17.0000000
353.2500	17.0000000
353.5000	17.0000000
353.7500	17.0000000
354.0000	17.0000000
354.2500	17.0000000
354.5000	17.0000000
354.7500	17.0000000
355.0000	17.0000000
355.2500	17.0000000
355.5000	17.0000000
355.7500	17.0000000
356.0000	17.0000000
356.2500	17.0000000
356.5000	17.0000000
356.7500	17.0000000
357.0000	17.0000000
357.2500	17.0000000
357.5000	17.0000000
357.7500	17.0000000
358.0000	17.0000000
358.2500	17.0000000
358.5000	17.0000000
358.7500	17.0000000
359.0000	17.0000000
359.2500	17.0000000
359.5000	17.0000000
359.7500	17.0000000
360.0000	17.0000000
