#cam_angle[deg]	polar_radius[mm]
0.0000	17.0000000
0.2500	17.0000000
0.5000	17.0000000
0.7500	17.0000000
1.0000	17.0000000
1.2500	17.0000000
1.5000	17.0000000
1.7500	17.0000000
2.0000	17.0000000
2.2500	17.0000000
2.5000	17.0000000
2.7500	17.0000000
3.0000	17.0000000
3.2500	17.0000000
3.5000	17.0000000
3.7500	17.0000000
4.0000	17.0000000
4.2500	17.0000000
4.5000	17.0000000
4.7500	17.0000000
5.0000	17.0000000
5.2500	17.0000000
5.5000	17.0000000
5.7500	17.0000000
6.0000	17.0000000
6.2500	17.0000000
6.5000	17.0000000
6.7500	17.0000000
7.0000	17.0000000
7.2500	17.0000000
7.5000	17.0000000
7.7500	17.0000000
8.0000	17.0000000
8.2500	17.0000000
8.5000	17.0000000
8.7500	17.0000000
9.0000	17.0000000
9.2500	17.0000000
9.5000	17.0000000
9.7500	17.0000000
10.0000	17.0000000
10.2500	17.0000000
10.5000	17.0000000
10.7500	17.0000000
11.0000	17.0000000
11.2500	17.0000000
11.5000	17.0000000
11.7500	17.0000000
12.0000	17.0000000
12.2500	17.0000000
12.5000	17.0000000
12.7500	17.0000000
13.0000	17.0000000
13.2500	17.0000000
13.5000	17.0000000
13.7500	17.0000000
14.0000	17.0000000
14.2500	17.0000000
14.5000	17.0000000
14.7500	17.0000000
15.0000	17.0000000
15.2500	17.0000000
15.5000	17.0000000
15.7500	17.0000000
16.0000	17.0000000
16.2500	17.0000000
16.5000	17.0000000
16.7500	17.0000000
17.0000	17.0000000
17.2500	17.0000000
17.5000	17.0000000
17.7500	17.0000000
18.0000	17.0000000
18.2500	17.0000000
18.5000	17.0000000
18.7500	17.0000000
19.0000	17.0000000
19.2500	17.0000000
19.5000	17.0000000
19.7500	17.0000000
20.0000	17.0000000
20.2500	17.0000000
20.5000	17.0000000
20.7500	17.0000000
21.0000	17.0000000
21.2500	17.0000020
21.5000	17.0000080
21.7500	17.0000200
22.0000	17.0000400
22.2500	17.0000730
22.5000	17.0001210
22.7500	17.0001860
23.0000	17.0002720
23.2500	17.0003810
23.5000	17.0005170
23.7500	17.0006810
24.0000	17.0008770
24.2500	17.0011080
24.5000	17.0013760
24.7500	17.0016830
25.0000	17.0020330
25.2500	17.0024270
25.5000	17.0028690
25.7500	17.0033610
26.0000	17.0039050
26.2500	17.0045040
26.5000	17.0051600
26.7500	17.0058760
27.0000	17.0066540
27.2500	17.0074960
27.5000	17.0084050
27.7500	17.0093860
28.0000	17.0104420
28.2500	17.0115710
28.5000	17.0127760
28.7500	17.0140600
29.0000	17.0154240
29.2500	17.0168710
29.5000	17.0184020
29.7500	17.0200200
30.0000	17.0217260
30.2500	17.0235230
30.5000	17.0254120
30.7500	17.0274070
31.0000	17.0295000
31.2500	17.0316920
31.5000	17.0339850
31.7500	17.0363810
32.0000	17.0388810
32.2500	17.0414870
32.5000	17.0442020
32.7500	17.0470270
33.0000	17.0499760
33.2500	17.0530480
33.5000	17.0562430
33.7500	17.0595670
34.0000	17.0630260
34.2500	17.0666280
34.5000	17.0703780
34.7500	17.0743120
35.0000	17.0784390
35.2500	17.0827480
35.5000	17.0872460
35.7500	17.0919370
36.0000	17.0968820
36.2500	17.1020780
36.5000	17.1074950
36.7500	17.1131330
37.0000	17.1190720
37.2500	17.1253060
37.5000	17.1317790
37.7500	17.1384900
38.0000	17.1456140
38.2500	17.1529900
38.5000	17.1605570
38.7500	17.1685530
39.0000	17.1768620
39.2500	17.1854810
39.5000	17.1944240
39.7500	17.2036940
40.0000	17.2132940
40.2500	17.2232260
40.5000	17.2334910
40.7500	17.2440910
41.0000	17.2550260
41.2500	17.2662980
41.5000	17.2779070
41.7500	17.2898540
42.0000	17.3021400
42.2500	17.3147660
42.5000	17.3277330
42.7500	17.3410420
43.0000	17.3546940
43.2500	17.3686890
43.5000	17.3830280
43.7500	17.3977130
44.0000	17.4127440
44.2500	17.4281220
44.5000	17.4438480
44.7500	17.4599230
45.0000	17.4763480
45.2500	17.4931230
45.5000	17.5102500
45.7500	17.5277290
46.0000	17.5455600
46.2500	17.5637450
46.5000	17.5822850
46.7500	17.6011790
47.0000	17.6204290
47.2500	17.6400360
47.5000	17.6599990
47.7500	17.6803200
48.0000	17.7009990
48.2500	17.7220360
48.5000	17.7434320
48.7500	17.7651870
49.0000	17.7873020
49.2500	17.8097770
49.5000	17.8326110
49.7500	17.8558060
50.0000	17.8793610
50.2500	17.9032760
50.5000	17.9275500
50.7500	17.9521830
51.0000	17.9771720
51.2500	18.0025160
51.5000	18.0282120
51.7500	18.0542190
52.0000	18.0807070
52.2500	18.1074000
52.5000	18.1344810
52.7500	18.1619080
53.0000	18.1896380
53.2500	18.2176690
53.5000	18.2460000
53.7500	18.2746730
54.0000	18.3036620
54.2500	18.3329290
54.5000	18.3624690
54.7500	18.3922780
55.0000	18.4223500
55.2500	18.4526810
55.5000	18.4832970
55.7500	18.5141490
56.0000	18.5452330
56.2500	18.5765400
56.5000	18.6080650
56.7500	18.6398020
57.0000	18.6717430
57.2500	18.7038830
57.5000	18.7362150
57.7500	18.7687320
58.0000	18.8014270
58.2500	18.8342930
58.5000	18.8673270
58.7500	18.9005140
59.0000	18.9338450
59.2500	18.9673120
59.5000	19.0009070
59.7500	19.0346200
60.0000	19.0684420
60.2500	19.1023630
60.5000	19.1363750
60.7500	19.1704660
61.0000	19.2046270
61.2500	19.2388460
61.5000	19.2731140
61.7500	19.3074200
62.0000	19.3417520
62.2500	19.3761020
62.5000	19.4104620
62.7500	19.4448240
63.0000	19.4791800
63.2500	19.5135230
63.5000	19.5478470
63.7500	19.5821430
64.0000	19.6164050
64.2500	19.6506260
64.5000	19.6847970
64.7500	19.7189080
65.0000	19.7529560
65.2500	19.7869340
65.5000	19.8208350
65.7500	19.8546520
66.0000	19.8883790
66.2500	19.9220100
66.5000	19.9555340
66.7500	19.9889400
67.0000	20.0222270
67.2500	20.0553910
67.5000	20.0884240
67.7500	20.1213210
68.0000	20.1540740
68.2500	20.1866630
68.5000	20.2190890
68.7500	20.2513520
69.0000	20.2834440
69.2500	20.3153590
69.5000	20.3470900
69.7500	20.3786080
70.0000	20.4099300
70.2500	20.4410510
70.5000	20.4719660
70.7500	20.5026680
71.0000	20.5331210
71.2500	20.5633490
71.5000	20.5933480
71.7500	20.6231120
72.0000	20.6526320
72.2500	20.6818770
72.5000	20.7108730
72.7500	20.7396150
73.0000	20.7681000
73.2500	20.7962960
73.5000	20.8242110
73.7500	20.8518550
74.0000	20.8792240
74.2500	20.9063030
74.5000	20.9330680
74.7500	20.9595470
75.0000	20.9857360
75.2500	21.0116320
75.5000	21.0371870
75.7500	21.0624420
76.0000	21.0873970
76.2500	21.1120470
76.5000	21.1363460
76.7500	21.1603290
77.0000	21.1840010
77.2500	21.2073590
77.5000	21.2303570
77.7500	21.2530270
78.0000	21.2753770
78.2500	21.2974040
78.5000	21.3190640
78.7500	21.3403860
79.0000	21.3613800
79.2500	21.3820450
79.5000	21.4023340
79.7500	21.4222800
80.0000	21.4418910
80.2500	21.4611670
80.5000	21.4800590
80.7500	21.4986030
81.0000	21.5168080
81.2500	21.5346720
81.5000	21.5521440
81.7500	21.5692650
82.0000	21.5860420
82.2500	21.6024740
82.5000	21.6185040
82.7500	21.6341820
83.0000	21.6495110
83.2500	21.6644900
83.5000	21.6790580
83.7500	21.6932730
84.0000	21.7071350
84.2500	21.7206360
84.5000	21.7337260
84.7500	21.7464580
85.0000	21.7588330
85.2500	21.7708350
85.5000	21.7824280
85.7500	21.7936590
86.0000	21.8045280
86.2500	21.8150120
86.5000	21.8250890
86.7500	21.8348000
87.0000	21.8441450
87.2500	21.8530900
87.5000	21.8616340
87.7500	21.8698070
88.0000	21.8776090
88.2500	21.8849960
88.5000	21.8919890
88.7500	21.8986070
89.0000	21.9048500
89.2500	21.9106590
89.5000	21.9160830
89.7500	21.9211280
90.0000	21.9257870
90.2500	21.9300070
90.5000	21.9338460
90.7500	21.9373020
91.0000	21.9403500
91.2500	21.9429720
91.5000	21.9452090
91.7500	21.9470600
92.0000	21.9484780
92.2500	21.9494860
92.5000	21.9501050
92.7500	21.9503340
93.0000	21.9501040
93.2500	21.9494830
93.5000	21.9484700
93.7500	21.9470410
94.0000	21.9451750
94.2500	21.9429170
94.5000	21.9402670
94.7500	21.9371750
95.0000	21.9336710
95.2500	21.9297730
95.5000	21.9254760
95.7500	21.9207220
96.0000	21.9155750
96.2500	21.9100330
96.5000	21.9040630
96.7500	21.8976610
97.0000	21.8908650
97.2500	21.8836730
97.5000	21.8760210
97.7500	21.8679650
98.0000	21.8595130
98.2500	21.8506380
98.5000	21.8413180
98.7500	21.8315990
99.0000	21.8214820
99.2500	21.8109040
99.5000	21.7999130
99.7500	21.7885210
100.0000	21.7767010
100.2500	21.7644300
100.5000	21.7517560
100.7500	21.7386780
101.0000	21.7251240
101.2500	21.7111590
101.5000	21.6967860
101.7500	21.6819640
102.0000	21.6666960
102.2500	21.6510180
102.5000	21.6349120
102.7500	21.6183310
103.0000	21.6013350
103.2500	21.5839240
103.5000	21.5660200
103.7500	21.5476920
104.0000	21.5289440
104.2500	21.5097140
104.5000	21.4900380
104.7500	21.4699370
105.0000	21.4493580
105.2500	21.4283150
105.5000	21.4068400
105.7500	21.3848870
106.0000	21.3624560
106.2500	21.3395870
106.5000	21.3162310
106.7500	21.2923900
107.0000	21.2681040
107.2500	21.2433180
107.5000	21.2180460
107.7500	21.1923260
108.0000	21.1660870
108.2500	21.1393720
108.5000	21.1122040
108.7500	21.0844990
109.0000	21.0563310
109.2500	21.0277010
109.5000	20.9985320
109.7500	20.9689120
110.0000	20.9388090
110.2500	20.9081930
110.5000	20.8771280
110.7500	20.8455640
111.0000	20.8135150
111.2500	20.7810230
111.5000	20.7480220
111.7500	20.7145660
112.0000	20.6806790
112.2500	20.6462780
112.5000	20.6114540
112.7500	20.5762030
113.0000	20.5404680
113.2500	20.5043290
113.5000	20.4677760
113.7500	20.4307730
114.0000	20.3933900
114.2500	20.3556200
114.5000	20.3174300
114.7500	20.2788870
115.0000	20.2400020
115.2500	20.2007250
115.5000	20.1611290
115.7500	20.1212260
116.0000	20.0809980
116.2500	20.0404690
116.5000	19.9996740
116.7500	19.9586270
117.0000	19.9173130
117.2500	19.8757770
117.5000	19.8340420
117.7500	19.7921270
118.0000	19.7500450
118.2500	19.7078150
118.5000	19.6654740
118.7500	19.6230460
119.0000	19.5805550
119.2500	19.5380300
119.5000	19.4955000
119.7500	19.4529930
120.0000	19.4105400
120.2500	19.3681670
120.5000	19.3258980
120.7500	19.2837580
121.0000	19.2417700
121.2500	19.1999570
121.5000	19.1583410
121.7500	19.1169400
122.0000	19.0757740
122.2500	19.0348670
122.5000	18.9942520
122.7500	18.9539320
123.0000	18.9139200
123.2500	18.8742310
123.5000	18.8348760
123.7500	18.7958660
124.0000	18.7571550
124.2500	18.7189330
124.5000	18.6810890
124.7500	18.6436580
125.0000	18.6066540
125.2500	18.5700880
125.5000	18.5339720
125.7500	18.4983160
126.0000	18.4631290
126.2500	18.4284180
126.5000	18.3941920
126.7500	18.3604550
127.0000	18.3272140
127.2500	18.2944730
127.5000	18.2622340
127.7500	18.2305010
128.0000	18.1992760
128.2500	18.1685590
128.5000	18.1383500
128.7500	18.1086510
129.0000	18.0794590
129.2500	18.0507740
129.5000	18.0225950
129.7500	17.9949190
130.0000	17.9677450
130.2500	17.9410720
130.5000	17.9148950
130.7500	17.8892130
131.0000	17.8640240
131.2500	17.8393230
131.5000	17.8151080
131.7500	17.7913770
132.0000	17.7681240
132.2500	17.7453480
132.5000	17.7230440
132.7500	17.7012090
133.0000	17.6798400
133.2500	17.6589320
133.5000	17.6384810
133.7500	17.6184850
134.0000	17.5989370
134.2500	17.5798360
134.5000	17.5611760
134.7500	17.5429530
135.0000	17.5251650
135.2500	17.5078050
135.5000	17.4908710
135.7500	17.4743580
136.0000	17.4582610
136.2500	17.4425780
136.5000	17.4273030
136.7500	17.4124330
137.0000	17.3979630
137.2500	17.3838900
137.5000	17.3702080
137.7500	17.3569150
138.0000	17.3440060
138.2500	17.3314760
138.5000	17.3193230
138.7500	17.3075390
139.0000	17.2961220
139.2500	17.2850660
139.5000	17.2743640
139.7500	17.2640130
140.0000	17.2540060
140.2500	17.2443370
140.5000	17.2350000
140.7500	17.2259890
141.0000	17.2172530
141.2500	17.2089750
141.5000	17.2008490
141.7500	17.1931240
142.0000	17.1856390
142.2500	17.1783960
142.5000	17.1714650
142.7500	17.1648260
143.0000	17.1584110
143.2500	17.1522220
143.5000	17.1463040
143.7500	17.1406370
144.0000	17.1351710
144.2500	17.1299040
144.5000	17.1248320
144.7500	17.1199930
145.0000	17.1153330
145.2500	17.1108400
145.5000	17.1065060
145.7500	17.1023260
146.0000	17.0982920
146.2500	17.0944160
146.5000	17.0906710
146.7500	17.0870440
147.0000	17.0835310
147.2500	17.0801260
147.5000	17.0768220
147.7500	17.0736160
148.0000	17.0705020
148.2500	17.0674780
148.5000	17.0645460
148.7500	17.0617020
149.0000	17.0589420
149.2500	17.0562650
149.5000	17.0536680
149.7500	17.0511510
150.0000	17.0487120
150.2500	17.0463510
150.5000	17.0440670
150.7500	17.0418570
151.0000	17.0397210
151.2500	17.0376580
151.5000	17.0356670
151.7500	17.0337510
152.0000	17.0319050
152.2500	17.0301260
152.5000	17.0284130
152.7500	17.0267660
153.0000	17.0251830
153.2500	17.0236630
153.5000	17.0222040
153.7500	17.0208050
154.0000	17.0194660
154.2500	17.0181850
154.5000	17.0169610
154.7500	17.0157920
155.0000	17.0146780
155.2500	17.0136160
155.5000	17.0126070
155.7500	17.0116500
156.0000	17.0107430
156.2500	17.0098840
156.5000	17.0090720
156.7500	17.0083050
157.0000	17.0075820
157.2500	17.0069020
157.5000	17.0062630
157.7500	17.0056650
158.0000	17.0051060
158.2500	17.0045850
158.5000	17.0041000
158.7500	17.0036500
159.0000	17.0032350
159.2500	17.0028520
159.5000	17.0025000
159.7500	17.0021790
160.0000	17.0018860
160.2500	17.0016200
160.5000	17.0013810
160.7500	17.0011670
161.0000	17.0009750
161.2500	17.0008060
161.5000	17.0006580
161.7500	17.0005290
162.0000	17.0004190
162.2500	17.0003250
162.5000	17.0002460
162.7500	17.0001810
163.0000	17.0001290
163.2500	17.0000880
163.5000	17.0000570
163.7500	17.0000350
164.0000	17.0000190
164.2500	17.0000090
164.5000	17.0000040
164.7500	17.0000010
165.0000	17.0000000
165.2500	17.0000000
165.5000	17.0000000
165.7500	17.0000000
166.0000	17.0000000
166.2500	17.0000000
166.5000	17.0000000
166.7500	17.0000000
167.0000	17.0000000
167.2500	17.0000000
167.5000	17.0000000
167.7500	17.0000000
168.0000	17.0000000
168.2500	17.0000000
168.5000	17.0000000
168.7500	17.0000000
169.0000	17.0000000
169.2500	17.0000000
169.5000	17.0000000
169.7500	17.0000000
170.0000	17.0000000
170.2500	17.0000000
170.5000	17.0000000
170.7500	17.0000000
171.0000	17.0000000
171.2500	17.0000000
171.5000	17.0000000
171.7500	17.0000000
172.0000	17.0000000
172.2500	17.0000000
172.5000	17.0000000
172.7500	17.0000000
173.0000	17.0000000
173.2500	17.0000000
173.5000	17.0000000
173.7500	17.0000000
174.0000	17.0000000
174.2500	17.0000000
174.5000	17.0000000
174.7500	17.0000000
175.0000	17.0000000
175.2500	17.0000000
175.5000	17.0000000
175.7500	17.0000000
176.0000	17.0000000
176.2500	17.0000000
176.5000	17.0000000
176.7500	17.0000000
177.0000	17.0000000
177.2500	17.0000000
177.5000	17.0000000
177.7500	17.0000000
178.0000	17.0000000
178.2500	17.0000000
178.5000	17.0000000
178.7500	17.0000000
179.0000	17.0000000
179.2500	17.0000000
179.5000	17.0000000
179.7500	17.0000000
180.0000	17.0000000
180.2500	17.0000000
180.5000	17.0000000
180.7500	17.0000000
181.0000	17.0000000
181.2500	17.0000000
181.5000	17.0000000
181.7500	17.0000000
182.0000	17.0000000
182.2500	17.0000000
182.5000	17.0000000
182.7500	17.0000000
183.0000	17.0000000
183.2500	17.0000000
183.5000	17.0000000
183.7500	17.0000000
184.0000	17.0000000
184.2500	17.0000000
184.5000	17.0000000
184.7500	17.0000000
185.0000	17.0000000
185.2500	17.0000000
185.5000	17.0000000
185.7500	17.0000000
186.0000	17.0000000
186.2500	17.0000000
186.5000	17.0000000
186.7500	17.0000000
187.0000	17.0000000
187.2500	17.0000000
187.5000	17.0000000
187.7500	17.0000000
188.0000	17.0000000
188.2500	17.0000000
188.5000	17.0000000
188.7500	17.0000000
189.0000	17.0000000
189.2500	17.0000000
189.5000	17.0000000
189.7500	17.0000000
190.0000	17.0000000
190.2500	17.0000000
190.5000	17.0000000
190.7500	17.0000000
191.0000	17.0000000
191.2500	17.0000000
191.5000	17.0000000
191.7500	17.0000000
192.0000	17.0000000
192.2500	17.0000000
192.5000	17.0000000
192.7500	17.0000000
193.0000	17.0000000
193.2500	17.0000000
193.5000	17.0000000
193.7500	17.0000000
194.0000	17.0000000
194.2500	17.0000000
194.5000	17.0000000
194.7500	17.0000000
195.0000	17.0000000
195.2500	17.0000000
195.5000	17.0000000
195.7500	17.0000000
196.0000	17.0000000
196.2500	17.0000000
196.5000	17.0000000
196.7500	17.0000000
197.0000	17.0000000
197.2500	17.0000000
197.5000	17.0000000
197.7500	17.0000000
198.0000	17.0000000
198.2500	17.0000000
198.5000	17.0000000
198.7500	17.0000000
199.0000	17.0000000
199.2500	17.0000000
199.5000	17.0000000
199.7500	17.0000000
200.0000	17.0000000
200.2500	17.0000000
200.5000	17.0000000
200.7500	17.0000000
201.0000	17.0000000
201.2500	17.0000000
201.5000	17.0000000
201.7500	17.0000000
202.0000	17.0000000
202.2500	17.0000000
202.5000	17.0000000
202.7500	17.0000000
203.0000	17.0000000
203.2500	17.0000000
203.5000	17.0000000
203.7500	17.0000000
204.0000	17.0000000
204.2500	17.0000000
204.5000	17.0000000
204.7500	17.0000000
205.0000	17.0000000
205.2500	17.0000000
205.5000	17.0000000
205.7500	17.0000000
206.0000	17.0000000
206.2500	17.0000000
206.5000	17.0000000
206.7500	17.0000000
207.0000	17.0000000
207.2500	17.0000000
207.5000	17.0000000
207.7500	17.0000000
208.0000	17.0000000
208.2500	17.0000000
208.5000	17.0000000
208.7500	17.0000000
209.0000	17.0000000
209.2500	17.0000000
209.5000	17.0000000
209.7500	17.0000000
210.0000	17.0000000
210.2500	17.0000000
210.5000	17.0000000
210.7500	17.0000000
211.0000	17.0000000
211.2500	17.0000000
211.5000	17.0000000
211.7500	17.0000000
212.0000	17.0000000
212.2500	17.0000000
212.5000	17.0000000
212.7500	17.0000000
213.0000	17.0000000
213.2500	17.0000000
213.5000	17.0000000
213.7500	17.0000000
214.0000	17.0000000
214.2500	17.0000000
214.5000	17.0000000
214.7500	17.0000000
215.0000	17.0000000
215.2500	17.0000000
215.5000	17.0000000
215.7500	17.0000000
216.0000	17.0000000
216.2500	17.0000000
216.5000	17.0000000
216.7500	17.0000000
217.0000	17.0000000
217.2500	17.0000000
217.5000	17.0000000
217.7500	17.0000000
218.0000	17.0000000
218.2500	17.0000000
218.5000	17.0000000
218.7500	17.0000000
219.0000	17.0000000
219.2500	17.0000000
219.5000	17.0000000
219.7500	17.0000000
220.0000	17.0000000
220.2500	17.0000000
220.5000	17.0000000
220.7500	17.0000000
221.0000	17.0000000
221.2500	17.0000000
221.5000	17.0000000
221.7500	17.0000000
222.0000	17.0000000
222.2500	17.0000000
222.5000	17.0000000
222.7500	17.0000000
223.0000	17.0000000
223.2500	17.0000000
223.5000	17.0000000
223.7500	17.0000000
224.0000	17.0000000
224.2500	17.0000000
224.5000	17.0000000
224.7500	17.0000000
225.0000	17.0000000
225.2500	17.0000000
225.5000	17.0000000
225.7500	17.0000000
226.0000	17.0000000
226.2500	17.0000000
226.5000	17.0000000
226.7500	17.0000000
227.0000	17.0000000
227.2500	17.0000000
227.5000	17.0000000
227.7500	17.0000000
228.0000	17.0000000
228.2500	17.0000000
228.5000	17.0000000
228.7500	17.0000000
229.0000	17.0000000
229.2500	17.0000000
229.5000	17.0000000
229.7500	17.0000000
230.0000	17.0000000
230.2500	17.0000000
230.5000	17.0000000
230.7500	17.0000000
231.0000	17.0000000
231.2500	17.0000000
231.5000	17.0000000
231.7500	17.0000000
232.0000	17.0000000
232.2500	17.0000000
232.5000	17.0000000
232.7500	17.0000000
233.0000	17.0000000
233.2500	17.0000000
233.5000	17.0000000
233.7500	17.0000000
234.0000	17.0000000
234.2500	17.0000000
234.5000	17.0000000
234.7500	17.0000000
235.0000	17.0000000
235.2500	17.0000000
235.5000	17.0000000
235.7500	17.0000000
236.0000	17.0000000
236.2500	17.0000000
236.5000	17.0000000
236.7500	17.0000000
237.0000	17.0000000
237.2500	17.0000000
237.5000	17.0000000
237.7500	17.0000000
238.0000	17.0000000
238.2500	17.0000000
238.5000	17.0000000
238.7500	17.0000000
239.0000	17.0000000
239.2500	17.0000000
239.5000	17.0000000
239.7500	17.0000000
240.0000	17.0000000
240.2500	17.0000000
240.5000	17.0000000
240.7500	17.0000000
241.0000	17.0000000
241.2500	17.0000000
241.5000	17.0000000
241.7500	17.0000000
242.0000	17.0000000
242.2500	17.0000000
242.5000	17.0000000
242.7500	17.0000000
243.0000	17.0000000
243.2500	17.0000000
243.5000	17.0000000
243.7500	17.0000000
244.0000	17.0000000
244.2500	17.0000000
244.5000	17.0000000
244.7500	17.0000000
245.0000	17.0000000
245.2500	17.0000000
245.5000	17.0000000
245.7500	17.0000000
246.0000	17.0000000
246.2500	17.0000000
246.5000	17.0000000
246.7500	17.0000000
247.0000	17.0000000
247.2500	17.0000000
247.5000	17.0000000
247.7500	17.0000000
248.0000	17.0000000
248.2500	17.0000000
248.5000	17.0000000
248.7500	17.0000000
249.0000	17.0000000
249.2500	17.0000000
249.5000	17.0000000
249.7500	17.0000000
250.0000	17.0000000
250.2500	17.0000000
250.5000	17.0000000
250.7500	17.0000000
251.0000	17.0000000
251.2500	17.0000000
251.5000	17.0000000
251.7500	17.0000000
252.0000	17.0000000
252.2500	17.0000000
252.5000	17.0000000
252.7500	17.0000000
253.0000	17.0000000
253.2500	17.0000000
253.5000	17.0000000
253.7500	17.0000000
254.0000	17.0000000
254.2500	17.0000000
254.5000	17.0000000
254.7500	17.0000000
255.0000	17.0000000
255.2500	17.0000000
255.5000	17.0000000
255.7500	17.0000000
256.0000	17.0000000
256.2500	17.0000000
256.5000	17.0000000
256.7500	17.0000000
257.0000	17.0000000
257.2500	17.0000000
257.5000	17.0000000
257.7500	17.0000000
258.0000	17.0000000
258.2500	17.0000000
258.5000	17.0000000
258.7500	17.0000000
259.0000	17.0000000
259.2500	17.0000000
259.5000	17.0000000
259.7500	17.0000000
260.0000	17.0000000
260.2500	17.0000000
260.5000	17.0000000
260.7500	17.0000000
261.0000	17.0000000
261.2500	17.0000000
261.5000	17.0000000
261.7500	17.0000000
262.0000	17.0000000
262.2500	17.0000000
262.5000	17.0000000
262.7500	17.0000000
263.0000	17.0000000
263.2500	17.0000000
263.5000	17.0000000
263.7500	17.0000000
264.0000	17.0000000
264.2500	17.0000000
264.5000	17.0000000
264.7500	17.0000000
265.0000	17.0000000
265.2500	17.0000000
265.5000	17.0000000
265.7500	17.0000000
266.0000	17.0000000
266.2500	17.0000000
266.5000	17.0000000
266.7500	17.0000000
267.0000	17.0000000
267.2500	17.0000000
267.5000	17.0000000
267.7500	17.0000000
268.0000	17.0000000
268.2500	17.0000000
268.5000	17.0000000
268.7500	17.0000000
269.0000	17.0000000
269.2500	17.0000000
269.5000	17.0000000
269.7500	17.0000000
270.0000	17.0000000
270.2500	17.0000000
270.5000	17.0000000
270.7500	17.0000000
271.0000	17.0000000
271.2500	17.0000000
271.5000	17.0000000
271.7500	17.0000000
272.0000	17.0000000
272.2500	17.0000000
272.5000	17.0000000
272.7500	17.0000000
273.0000	17.0000000
273.2500	17.0000000
273.5000	17.0000000
273.7500	17.0000000
274.0000	17.0000000
274.2500	17.0000000
274.5000	17.0000000
274.7500	17.0000000
275.0000	17.0000000
275.2500	17.0000000
275.5000	17.0000000
275.7500	17.0000000
276.0000	17.0000000
276.2500	17.0000000
276.5000	17.0000000
276.7500	17.0000000
277.0000	17.0000000
277.2500	17.0000000
277.5000	17.0000000
277.7500	17.0000000
278.0000	17.0000000
278.2500	17.0000000
278.5000	17.0000000
278.7500	17.0000000
279.0000	17.0000000
279.2500	17.0000000
279.5000	17.0000000
279.7500	17.0000000
280.0000	17.0000000
280.2500	17.0000000
280.5000	17.0000000
280.7500	17.0000000
281.0000	17.0000000
281.2500	17.0000000
281.5000	17.0000000
281.7500	17.0000000
282.0000	17.0000000
282.2500	17.0000000
282.5000	17.0000000
282.7500	17.0000000
283.0000	17.0000000
283.2500	17.0000000
283.5000	17.0000000
283.7500	17.0000000
284.0000	17.0000000
284.2500	17.0000000
284.5000	17.0000000
284.7500	17.0000000
285.0000	17.0000000
285.2500	17.0000000
285.5000	17.0000000
285.7500	17.0000000
286.0000	17.0000000
286.2500	17.0000000
286.5000	17.0000000
286.7500	17.0000000
287.0000	17.0000000
287.2500	17.0000000
287.5000	17.0000000
287.7500	17.0000000
288.0000	17.0000000
288.2500	17.0000000
288.5000	17.0000000
288.7500	17.0000000
289.0000	17.0000000
289.2500	17.0000000
289.5000	17.0000000
289.7500	17.0000000
290.0000	17.0000000
290.2500	17.0000000
290.5000	17.0000000
290.7500	17.0000000
291.0000	17.0000000
291.2500	17.0000000
291.5000	17.0000000
291.7500	17.0000000
292.0000	17.0000000
292.2500	17.0000000
292.5000	17.0000000
292.7500	17.0000000
293.0000	17.0000000
293.2500	17.0000000
293.5000	17.0000000
293.7500	17.0000000
294.0000	17.0000000
294.2500	17.0000000
294.5000	17.0000000
294.7500	17.0000000
295.0000	17.0000000
295.2500	17.0000000
295.5000	17.0000000
295.7500	17.0000000
296.0000	17.0000000
296.2500	17.0000000
296.5000	17.0000000
296.7500	17.0000000
297.0000	17.0000000
297.2500	17.0000000
297.5000	17.0000000
297.7500	17.0000000
298.0000	17.0000000
298.2500	17.0000000
298.5000	17.0000000
298.7500	17.0000000
299.0000	17.0000000
299.2500	17.0000000
299.5000	17.0000000
299.7500	17.0000000
300.0000	17.0000000
300.2500	17.0000000
300.5000	17.0000000
300.7500	17.0000000
301.0000	17.0000000
301.2500	17.0000000
301.5000	17.0000000
301.7500	17.0000000
302.0000	17.0000000
302.2500	17.0000000
302.5000	17.0000000
302.7500	17.0000000
303.0000	17.0000000
303.2500	17.0000000
303.5000	17.0000000
303.7500	17.0000000
304.0000	17.0000000
304.2500	17.0000000
304.5000	17.0000000
304.7500	17.0000000
305.0000	17.0000000
305.2500	17.0000000
305.5000	17.0000000
305.7500	17.0000000
306.0000	17.0000000
306.2500	17.0000000
306.5000	17.0000000
306.7500	17.0000000
307.0000	17.0000000
307.2500	17.0000000
307.5000	17.0000000
307.7500	17.0000000
308.0000	17.0000000
308.2500	17.0000000
308.5000	17.0000000
308.7500	17.0000000
309.0000	17.0000000
309.2500	17.0000000
309.5000	17.0000000
309.7500	17.0000000
310.0000	17.0000000
310.2500	17.0000000
310.5000	17.0000000
310.7500	17.0000000
311.0000	17.0000000
311.2500	17.0000000
311.5000	17.0000000
311.7500	17.0000000
312.0000	17.0000000
312.2500	17.0000000
312.5000	17.0000000
312.7500	17.0000000
313.0000	17.0000000
313.2500	17.0000000
313.5000	17.0000000
313.7500	17.0000000
314.0000	17.0000000
314.2500	17.0000000
314.5000	17.0000000
314.7500	17.0000000
315.0000	17.0000000
315.2500	17.0000000
315.5000	17.0000000
315.7500	17.0000000
316.0000	17.0000000
316.2500	17.0000000
316.5000	17.0000000
316.7500	17.0000000
317.0000	17.0000000
317.2500	17.0000000
317.5000	17.0000000
317.7500	17.0000000
318.0000	17.0000000
318.2500	17.0000000
318.5000	17.0000000
318.7500	17.0000000
319.0000	17.0000000
319.2500	17.0000000
319.5000	17.0000000
319.7500	17.0000000
320.0000	17.0000000
320.2500	17.0000000
320.5000	17.0000000
320.7500	17.0000000
321.0000	17.0000000
321.2500	17.0000000
321.5000	17.0000000
321.7500	17.0000000
322.0000	17.0000000
322.2500	17.0000000
322.5000	17.0000000
322.7500	17.0000000
323.0000	17.0000000
323.2500	17.0000000
323.5000	17.0000000
323.7500	17.0000000
324.0000	17.0000000
324.2500	17.0000000
324.5000	17.0000000
324.7500	17.0000000
325.0000	17.0000000
325.2500	17.0000000
325.5000	17.0000000
325.7500	17.0000000
326.0000	17.0000000
326.2500	17.0000000
326.5000	17.0000000
326.7500	17.0000000
327.0000	17.0000000
327.2500	17.0000000
327.5000	17.0000000
327.7500	17.0000000
328.0000	17.0000000
328.2500	17.0000000
328.5000	17.0000000
328.7500	17.0000000
329.0000	17.0000000
329.2500	17.0000000
329.5000	17.0000000
329.7500	17.0000000
330.0000	17.0000000
330.2500	17.0000000
330.5000	17.0000000
330.7500	17.0000000
331.0000	17.0000000
331.2500	17.0000000
331.5000	17.0000000
331.7500	17.0000000
332.0000	17.0000000
332.2500	17.0000000
332.5000	17.0000000
332.7500	17.0000000
333.0000	17.0000000
333.2500	17.0000000
333.5000	17.0000000
333.7500	17.0000000
334.0000	17.0000000
334.2500	17.0000000
334.5000	17.0000000
334.7500	17.0000000
335.0000	17.0000000
335.2500	17.0000000
335.5000	17.0000000
335.7500	17.0000000
336.0000	17.0000000
336.2500	17.0000000
336.5000	17.0000000
336.7500	17.0000000
337.0000	17.0000000
337.2500	17.0000000
337.5000	17.0000000
337.7500	17.0000000
338.0000	17.0000000
338.2500	17.0000000
338.5000	17.0000000
338.7500	17.0000000
339.0000	17.0000000
339.2500	17.0000000
339.5000	17.0000000
339.7500	17.0000000
340.0000	17.0000000
340.2500	17.0000000
340.5000	17.0000000
340.7500	17.0000000
341.0000	17.0000000
341.2500	17.0000000
341.5000	17.0000000
341.7500	17.0000000
342.0000	17.0000000
342.2500	17.0000000
342.5000	17.0000000
342.7500	17.0000000
343.0000	17.0000000
343.2500	17.0000000
343.5000	17.0000000
343.7500	17.0000000
344.0000	17.0000000
344.2500	17.0000000
344.5000	17.0000000
344.7500	17.0000000
345.0000	17.0000000
345.2500	17.0000000
345.5000	17.0000000
345.7500	17.0000000
346.0000	17.0000000
346.2500	17.0000000
346.5000	17.0000000
346.7500	17.0000000
347.0000	17.0000000
347.2500	17.0000000
347.5000	17.0000000
347.7500	17.0000000
348.0000	17.0000000
348.2500	17.0000000
348.5000	17.0000000
348.7500	17.0000000
349.0000	17.0000000
349.2500	17.0000000
349.5000	17.0000000
349.7500	17.0000000
350.0000	17.0000000
350.2500	17.0000000
350.5000	17.0000000
350.7500	17.0000000
351.0000	17.0000000
351.2500	17.0000000
351.5000	17.0000000
351.7500	17.0000000
352.0000	17.0000000
352.2500	17.0000000
352.5000	17.0000000
352.7500	17.0000000
353.0000	17.0000000
353.2500	17.0000000
353.5000	17.0000000
353.7500	17.0000000
354.0000	17.0000000
354.2500	17.0000000
354.5000	17.0000000
354.7500	17.0000000
355.0000	17.0000000
355.2500	17.0000000
355.5000	17.0000000
355.7500	17.0000000
356.0000	17.0000000
356.2500	17.0000000
356.5000	17.0000000
356.7500	17.0000000
357.0000	17.0000000
357.2500	17.0000000
357.5000	17.0000000
357.7500	17.0000000
358.0000	17.0000000
358.2500	17.0000000
358.5000	17.0000000
358.7500	17.0000000
359.0000	17.0000000
359.2500	17.0000000
359.5000	17.0000000
359.7500	17.0000000
360.0000	17.0000000
